DIFFERENCE
155,349
155,350
155,351
156,348
156,349
156,350
156,351
156,352
157,347
157,348
157,349
157,350
157,351
157,352
157,353
158,347
158,348
158,349
158,351
158,352
158,353
159,347
159,348
159,349
159,350
159,351
159,352
159,353
160,348
160,349
160,350
160,351
160,352
161,349
161,350
161,351
160,353
160,354
161,348
161,352
161,353
161,354
162,348
162,349
162,350
162,351
162,352
162,353
162,354
163,349
163,350
163,351
163,352
163,353
164,350
164,351
164,352
163,354
163,355
164,349
164,353
164,354
164,355
165,349
165,350
165,351
165,352
165,353
165,354
165,355
166,350
166,351
166,352
166,353
166,354
167,351
167,352
167,353
166,355
166,356
167,350
167,354
167,355
167,356
168,350
168,351
168,352
168,353
168,354
168,355
168,356
169,351
169,352
169,353
169,354
169,355
170,352
170,353
170,354
167,357
168,357
168,358
169,356
169,357
169,358
170,355
170,356
170,357
170,358
171,353
171,354
171,355
171,356
171,357
172,354
172,355
172,356
167,358
167,359
168,359
168,360
169,359
169,360
169,361
170,359
170,360
170,361
171,358
171,359
171,360
171,361
172,357
172,358
172,359
172,360
173,357
173,358
173,359
167,360
167,361
167,362
168,361
168,362
168,363
169,362
169,363
169,364
170,362
170,363
170,364
171,362
171,363
171,364
172,361
172,362
172,363
173,360
173,361
173,362
167,363
168,364
169,365
170,365
171,365
172,364
173,363
165,363
165,364
165,365
166,362
166,363
166,364
166,365
166,366
167,364
167,365
167,366
167,367
168,365
168,366
168,367
169,366
169,367
170,366
165,366
166,367
167,368
168,368
169,368
170,367
171,366
162,365
162,366
162,367
163,364
163,365
163,366
163,367
163,368
164,363
164,364
164,365
164,366
164,367
164,368
164,369
165,367
165,368
165,369
166,368
166,369
162,368
163,369
164,370
165,370
166,370
167,369
161,366
161,367
161,368
162,369
163,370
158,366
158,367
158,368
159,365
159,366
159,367
159,368
159,369
160,364
160,365
160,366
160,367
160,368
160,369
160,370
161,364
161,365
161,369
161,370
162,364
162,370
159,363
159,364
160,362
160,363
161,361
161,362
161,363
162,361
162,362
162,363
163,361
163,362
163,363
164,362
162,360
163,359
163,360
164,359
164,360
164,361
165,359
165,360
165,361
165,362
166,360
166,361
165,358
166,358
166,359
163,358
164,357
164,358
165,356
165,357
166,357
163,356
163,357
164,356
161,355
161,356
161,357
162,355
162,356
162,357
162,358
159,357
159,358
159,359
160,356
160,357
160,358
160,359
160,360
161,358
161,359
161,360
162,359
159,360
160,361
157,360
157,361
157,362
158,359
158,360
158,361
158,362
158,363
159,361
159,362
156,361
156,362
156,363
157,363
157,364
158,364
158,365
155,364
155,365
155,366
156,364
156,365
156,366
156,367
157,365
157,366
157,367
157,368
154,365
154,366
154,367
155,367
155,368
156,368
156,369
157,369
158,369
154,364
155,363
152,362
152,363
152,364
153,361
153,362
153,363
153,364
153,365
154,360
154,361
154,362
154,363
155,360
155,361
155,362
156,360
153,359
153,360
154,358
154,359
155,357
155,358
155,359
156,357
156,358
156,359
157,357
157,358
157,359
158,358
156,356
157,355
157,356
158,355
158,356
158,357
159,355
159,356
156,355
157,354
158,354
159,354
160,355
156,353
156,354
153,353
153,354
153,355
154,352
154,353
154,354
154,355
154,356
155,352
155,353
155,354
155,355
155,356
152,355
152,356
152,357
153,356
153,357
153,358
154,357
151,356
151,357
151,358
152,358
152,359
149,358
149,359
149,360
150,357
150,358
150,359
150,360
150,361
151,359
151,360
151,361
151,362
152,360
152,361
149,357
150,356
151,355
152,354
150,355
151,354
152,353
153,352
154,351
152,352
153,351
154,350
152,351
153,350
154,349
151,353
151,352
150,354
151,363
151,364
152,365
153,366
150,362
150,363
151,365
152,366
153,367
154,368
155,369
159,370
158,370
157,370
168,369
172,365
173,356
173,355
171,352
172,353
173,354
170,351
169,350
170,350
171,351
172,352
167,349
168,349
169,349
166,349
166,348
167,348
168,348
165,348
164,348
163,348
164,347
165,347
166,347
163,347
162,347
161,347
160,347
155,348
DIFFERENCE
40,365
40,366
40,367
41,364
41,365
41,366
41,367
41,368
42,363
42,364
42,365
42,366
42,367
42,368
42,369
43,363
43,364
43,365
43,367
43,368
43,369
44,363
44,364
44,365
44,366
44,367
44,368
44,369
45,364
45,365
45,366
45,367
45,368
46,365
46,366
46,367
45,369
45,370
46,364
46,368
46,369
46,370
47,364
47,365
47,366
47,367
47,368
47,369
47,370
48,365
48,366
48,367
48,368
48,369
49,366
49,367
49,368
48,370
48,371
49,365
49,369
49,370
49,371
50,365
50,366
50,367
50,368
50,369
50,370
50,371
51,366
51,367
51,368
51,369
51,370
52,367
52,368
52,369
51,371
51,372
52,366
52,370
52,371
52,372
53,366
53,367
53,368
53,369
53,370
53,371
53,372
54,367
54,368
54,369
54,370
54,371
55,368
55,369
55,370
52,373
53,373
53,374
54,372
54,373
54,374
55,371
55,372
55,373
55,374
56,369
56,370
56,371
56,372
56,373
57,370
57,371
57,372
52,374
52,375
53,375
53,376
54,375
54,376
54,377
55,375
55,376
55,377
56,374
56,375
56,376
56,377
57,373
57,374
57,375
57,376
58,373
58,374
58,375
52,376
52,377
52,378
53,377
53,378
53,379
54,378
54,379
54,380
55,378
55,379
55,380
56,378
56,379
56,380
57,377
57,378
57,379
58,376
58,377
58,378
52,379
53,380
54,381
55,381
56,381
57,380
58,379
50,379
50,380
50,381
51,378
51,379
51,380
51,381
51,382
52,380
52,381
52,382
52,383
53,381
53,382
53,383
54,382
54,383
55,382
50,382
51,383
52,384
53,384
54,384
55,383
56,382
47,381
47,382
47,383
48,380
48,381
48,382
48,383
48,384
49,379
49,380
49,381
49,382
49,383
49,384
49,385
50,383
50,384
50,385
51,384
51,385
47,384
48,385
49,386
50,386
51,386
52,385
44,383
44,384
44,385
45,382
45,383
45,384
45,385
45,386
46,381
46,382
46,383
46,384
46,385
46,386
46,387
47,385
47,386
47,387
48,386
48,387
43,383
43,384
43,385
44,382
44,386
45,381
45,387
42,380
42,381
42,382
43,379
43,380
43,381
43,382
44,378
44,379
44,380
44,381
45,378
45,379
45,380
46,378
46,379
46,380
47,379
47,380
46,377
47,377
47,378
48,377
48,378
48,379
49,378
47,376
48,375
48,376
49,375
49,376
49,377
50,375
50,376
50,377
50,378
51,376
51,377
50,374
51,374
51,375
48,374
49,373
49,374
50,372
50,373
51,373
48,372
48,373
49,372
46,371
46,372
46,373
47,371
47,372
47,373
47,374
44,373
44,374
44,375
45,372
45,373
45,374
45,375
45,376
46,374
46,375
46,376
47,375
44,376
45,377
42,376
42,377
42,378
43,375
43,376
43,377
43,378
44,377
41,376
41,377
41,378
42,375
42,379
43,374
40,373
40,374
40,375
41,372
41,373
41,374
41,375
42,371
42,372
42,373
42,374
43,371
43,372
43,373
44,371
44,372
41,371
42,370
43,370
44,370
45,371
41,369
41,370
38,369
38,370
38,371
39,368
39,369
39,370
39,371
39,372
40,368
40,369
40,370
40,371
40,372
37,371
37,372
37,373
38,372
38,373
38,374
39,373
39,374
39,375
36,374
36,375
36,376
37,374
37,375
37,376
37,377
38,375
38,376
38,377
38,378
39,376
39,377
39,378
40,376
40,377
40,378
37,378
37,379
38,379
38,380
39,379
39,380
39,381
40,379
40,380
40,381
41,379
41,380
41,381
38,381
38,382
39,382
39,383
40,382
40,383
40,384
41,382
41,383
41,384
42,383
42,384
38,383
39,384
40,385
41,385
42,385
37,380
37,381
37,382
36,379
36,380
36,381
36,378
36,377
35,377
35,378
35,379
35,376
35,375
35,374
36,373
36,372
35,373
35,372
36,371
37,370
35,371
36,370
37,369
38,368
39,367
37,368
38,367
39,366
37,367
38,366
39,365
36,369
36,368
35,370
42,386
43,386
53,385
57,381
58,372
58,371
56,368
57,369
58,370
55,367
54,366
55,366
56,367
57,368
52,365
53,365
54,365
51,365
51,364
52,364
53,364
50,364
49,364
48,364
49,363
50,363
51,363
48,363
47,363
46,363
45,363
40,364
DIFFERENCE
110,385
110,386
110,387
111,384
111,385
111,386
111,387
111,388
112,383
112,384
112,385
112,386
112,387
112,388
112,389
113,383
113,384
113,385
113,387
113,388
113,389
114,383
114,384
114,385
114,386
114,387
114,388
114,389
115,384
115,385
115,386
115,387
115,388
116,385
116,386
116,387
115,389
115,390
116,384
116,388
116,389
116,390
117,384
117,385
117,386
117,387
117,388
117,389
117,390
118,385
118,386
118,387
118,388
118,389
119,386
119,387
119,388
118,390
118,391
119,385
119,389
119,390
119,391
120,385
120,386
120,387
120,388
120,389
120,390
120,391
121,386
121,387
121,388
121,389
121,390
122,387
122,388
122,389
121,391
121,392
122,386
122,390
122,391
122,392
123,386
123,387
123,388
123,389
123,390
123,391
123,392
124,387
124,388
124,389
124,390
124,391
125,388
125,389
125,390
122,393
123,393
123,394
124,392
124,393
124,394
125,391
125,392
125,393
125,394
126,389
126,390
126,391
126,392
126,393
127,390
127,391
127,392
122,394
122,395
123,395
123,396
124,395
124,396
124,397
125,395
125,396
125,397
126,394
126,395
126,396
126,397
127,393
127,394
127,395
127,396
128,393
128,394
128,395
122,396
122,397
122,398
123,397
123,398
123,399
124,398
124,399
124,400
125,398
125,399
125,400
126,398
126,399
126,400
127,397
127,398
127,399
128,396
128,397
128,398
122,399
123,400
124,401
125,401
126,401
127,400
128,399
120,399
120,400
120,401
121,398
121,399
121,400
121,401
121,402
122,400
122,401
122,402
122,403
123,401
123,402
123,403
124,402
124,403
125,402
120,402
121,403
122,404
123,404
124,404
125,403
126,402
117,401
117,402
117,403
118,400
118,401
118,402
118,403
118,404
119,399
119,400
119,401
119,402
119,403
119,404
119,405
120,403
120,404
120,405
121,404
121,405
117,404
118,405
119,406
120,406
121,406
122,405
114,403
114,404
114,405
115,402
115,403
115,404
115,405
115,406
116,401
116,402
116,403
116,404
116,405
116,406
116,407
117,405
117,406
117,407
118,406
118,407
113,403
113,404
113,405
114,402
114,406
115,401
115,407
112,400
112,401
112,402
113,399
113,400
113,401
113,402
114,398
114,399
114,400
114,401
115,398
115,399
115,400
116,398
116,399
116,400
117,399
117,400
116,397
117,397
117,398
118,397
118,398
118,399
119,398
117,396
118,395
118,396
119,395
119,396
119,397
120,395
120,396
120,397
120,398
121,396
121,397
120,394
121,394
121,395
118,394
119,393
119,394
120,392
120,393
121,393
118,392
118,393
119,392
116,391
116,392
116,393
117,391
117,392
117,393
117,394
114,393
114,394
114,395
115,392
115,393
115,394
115,395
115,396
116,394
116,395
116,396
117,395
114,396
115,397
112,396
112,397
112,398
113,395
113,396
113,397
113,398
114,397
111,396
111,397
111,398
112,395
112,399
113,394
110,393
110,394
110,395
111,392
111,393
111,394
111,395
112,391
112,392
112,393
112,394
113,391
113,392
113,393
114,391
114,392
111,391
112,390
113,390
114,390
115,391
111,389
111,390
108,389
108,390
108,391
109,388
109,389
109,390
109,391
109,392
110,388
110,389
110,390
110,391
110,392
107,391
107,392
107,393
108,392
108,393
108,394
109,393
109,394
109,395
106,394
106,395
106,396
107,394
107,395
107,396
107,397
108,395
108,396
108,397
108,398
109,396
109,397
109,398
110,396
110,397
110,398
107,398
107,399
108,399
108,400
109,399
109,400
109,401
110,399
110,400
110,401
111,399
111,400
111,401
108,401
108,402
109,402
109,403
110,402
110,403
110,404
111,402
111,403
111,404
112,403
112,404
108,403
109,404
110,405
111,405
112,405
107,400
107,401
107,402
106,399
106,400
106,401
106,398
106,397
105,397
105,398
105,399
105,396
105,395
105,394
106,393
106,392
105,393
105,392
106,391
107,390
105,391
106,390
107,389
108,388
109,387
107,388
108,387
109,386
107,387
108,386
109,385
106,389
106,388
105,390
112,406
113,406
123,405
127,401
128,392
128,391
126,388
127,389
128,390
125,387
124,386
125,386
126,387
127,388
122,385
123,385
124,385
121,385
121,384
122,384
123,384
120,384
119,384
118,384
119,383
120,383
121,383
118,383
117,383
116,383
115,383
110,384
DIFFERENCE
185,416
185,417
185,418
186,415
186,416
186,417
186,418
186,419
187,414
187,415
187,416
187,417
187,418
187,419
187,420
188,414
188,415
188,416
188,418
188,419
188,420
189,414
189,415
189,416
189,417
189,418
189,419
189,420
190,415
190,416
190,417
190,418
190,419
191,416
191,417
191,418
190,420
190,421
191,415
191,419
191,420
191,421
192,415
192,416
192,417
192,418
192,419
192,420
192,421
193,416
193,417
193,418
193,419
193,420
194,417
194,418
194,419
193,421
193,422
194,416
194,420
194,421
194,422
195,416
195,417
195,418
195,419
195,420
195,421
195,422
196,417
196,418
196,419
196,420
196,421
197,418
197,419
197,420
196,422
196,423
197,417
197,421
197,422
197,423
198,417
198,418
198,419
198,420
198,421
198,422
198,423
199,418
199,419
199,420
199,421
199,422
200,419
200,420
200,421
197,424
198,424
198,425
199,423
199,424
199,425
200,422
200,423
200,424
200,425
201,420
201,421
201,422
201,423
201,424
202,421
202,422
202,423
197,425
197,426
198,426
198,427
199,426
199,427
199,428
200,426
200,427
200,428
201,425
201,426
201,427
201,428
202,424
202,425
202,426
202,427
203,424
203,425
203,426
197,427
197,428
197,429
198,428
198,429
198,430
199,429
199,430
199,431
200,429
200,430
200,431
201,429
201,430
201,431
202,428
202,429
202,430
203,427
203,428
203,429
197,430
198,431
199,432
200,432
201,432
202,431
203,430
195,430
195,431
195,432
196,429
196,430
196,431
196,432
196,433
197,431
197,432
197,433
197,434
198,432
198,433
198,434
199,433
199,434
200,433
195,433
196,434
197,435
198,435
199,435
200,434
201,433
192,432
192,433
192,434
193,431
193,432
193,433
193,434
193,435
194,430
194,431
194,432
194,433
194,434
194,435
194,436
195,434
195,435
195,436
196,435
196,436
192,435
193,436
194,437
195,437
196,437
197,436
191,433
191,434
191,435
192,436
193,437
188,433
188,434
188,435
189,432
189,433
189,434
189,435
189,436
190,431
190,432
190,433
190,434
190,435
190,436
190,437
191,431
191,432
191,436
191,437
192,431
192,437
189,430
189,431
190,429
190,430
191,428
191,429
191,430
192,428
192,429
192,430
193,428
193,429
193,430
194,429
192,427
193,426
193,427
194,426
194,427
194,428
195,426
195,427
195,428
195,429
196,427
196,428
195,425
196,425
196,426
193,425
194,424
194,425
195,423
195,424
196,424
193,423
193,424
194,423
191,422
191,423
191,424
192,422
192,423
192,424
192,425
189,424
189,425
189,426
190,423
190,424
190,425
190,426
190,427
191,425
191,426
191,427
192,426
189,427
190,428
187,427
187,428
187,429
188,426
188,427
188,428
188,429
188,430
189,428
189,429
186,428
186,429
186,430
187,430
187,431
188,431
188,432
185,431
185,432
185,433
186,431
186,432
186,433
186,434
187,432
187,433
187,434
187,435
184,432
184,433
184,434
185,434
185,435
186,435
186,436
187,436
188,436
184,431
185,430
182,429
182,430
182,431
183,428
183,429
183,430
183,431
183,432
184,427
184,428
184,429
184,430
185,427
185,428
185,429
186,427
183,426
183,427
184,425
184,426
185,424
185,425
185,426
186,424
186,425
186,426
187,424
187,425
187,426
188,425
186,423
187,422
187,423
188,422
188,423
188,424
189,422
189,423
186,422
187,421
188,421
189,421
190,422
186,420
186,421
183,420
183,421
183,422
184,419
184,420
184,421
184,422
184,423
185,419
185,420
185,421
185,422
185,423
182,422
182,423
182,424
183,423
183,424
183,425
184,424
181,423
181,424
181,425
182,425
182,426
179,425
179,426
179,427
180,424
180,425
180,426
180,427
180,428
181,426
181,427
181,428
181,429
182,427
182,428
179,424
180,423
181,422
182,421
180,422
181,421
182,420
183,419
184,418
182,419
183,418
184,417
182,418
183,417
184,416
181,420
181,419
180,421
181,430
181,431
182,432
183,433
180,429
180,430
181,432
182,433
183,434
184,435
185,436
189,437
188,437
187,437
198,436
202,432
203,423
203,422
201,419
202,420
203,421
200,418
199,417
200,417
201,418
202,419
197,416
198,416
199,416
196,416
196,415
197,415
198,415
195,415
194,415
193,415
194,414
195,414
196,414
193,414
192,414
191,414
190,414
185,415
DIFFERENCE
62,423
62,424
62,425
63,422
63,423
63,424
63,425
63,426
64,421
64,422
64,423
64,424
64,425
64,426
64,427
65,421
65,422
65,423
65,425
65,426
65,427
66,421
66,422
66,423
66,424
66,425
66,426
66,427
67,422
67,423
67,424
67,425
67,426
68,423
68,424
68,425
67,427
67,428
68,422
68,426
68,427
68,428
69,422
69,423
69,424
69,425
69,426
69,427
69,428
70,423
70,424
70,425
70,426
70,427
71,424
71,425
71,426
70,428
70,429
71,423
71,427
71,428
71,429
72,423
72,424
72,425
72,426
72,427
72,428
72,429
73,424
73,425
73,426
73,427
73,428
74,425
74,426
74,427
73,429
73,430
74,424
74,428
74,429
74,430
75,424
75,425
75,426
75,427
75,428
75,429
75,430
76,425
76,426
76,427
76,428
76,429
77,426
77,427
77,428
74,431
75,431
75,432
76,430
76,431
76,432
77,429
77,430
77,431
77,432
78,427
78,428
78,429
78,430
78,431
79,428
79,429
79,430
74,432
74,433
75,433
75,434
76,433
76,434
76,435
77,433
77,434
77,435
78,432
78,433
78,434
78,435
79,431
79,432
79,433
79,434
80,431
80,432
80,433
74,434
74,435
74,436
75,435
75,436
75,437
76,436
76,437
76,438
77,436
77,437
77,438
78,436
78,437
78,438
79,435
79,436
79,437
80,434
80,435
80,436
74,437
75,438
76,439
77,439
78,439
79,438
80,437
72,437
72,438
72,439
73,436
73,437
73,438
73,439
73,440
74,438
74,439
74,440
74,441
75,439
75,440
75,441
76,440
76,441
77,440
72,440
73,441
74,442
75,442
76,442
77,441
78,440
69,439
69,440
69,441
70,438
70,439
70,440
70,441
70,442
71,437
71,438
71,439
71,440
71,441
71,442
71,443
72,441
72,442
72,443
73,442
73,443
69,442
70,443
71,444
72,444
73,444
74,443
68,440
68,441
68,442
69,443
70,444
65,440
65,441
65,442
66,439
66,440
66,441
66,442
66,443
67,438
67,439
67,440
67,441
67,442
67,443
67,444
68,438
68,439
68,443
68,444
69,438
69,444
66,437
66,438
67,436
67,437
68,435
68,436
68,437
69,435
69,436
69,437
70,435
70,436
70,437
71,436
69,434
70,433
70,434
71,433
71,434
71,435
72,433
72,434
72,435
72,436
73,434
73,435
72,432
73,432
73,433
70,432
71,431
71,432
72,430
72,431
73,431
70,430
70,431
71,430
68,429
68,430
68,431
69,429
69,430
69,431
69,432
66,431
66,432
66,433
67,430
67,431
67,432
67,433
67,434
68,432
68,433
68,434
69,433
66,434
67,435
64,434
64,435
64,436
65,433
65,434
65,435
65,436
65,437
66,435
66,436
63,435
63,436
63,437
64,437
64,438
65,438
65,439
62,438
62,439
62,440
63,438
63,439
63,440
63,441
64,439
64,440
64,441
64,442
61,439
61,440
61,441
62,441
62,442
63,442
63,443
64,443
65,443
61,438
62,437
59,436
59,437
59,438
60,435
60,436
60,437
60,438
60,439
61,434
61,435
61,436
61,437
62,434
62,435
62,436
63,434
60,433
60,434
61,432
61,433
62,431
62,432
62,433
63,431
63,432
63,433
64,431
64,432
64,433
65,432
63,430
64,429
64,430
65,429
65,430
65,431
66,429
66,430
63,429
64,428
65,428
66,428
67,429
63,427
63,428
60,427
60,428
60,429
61,426
61,427
61,428
61,429
61,430
62,426
62,427
62,428
62,429
62,430
59,429
59,430
59,431
60,430
60,431
60,432
61,431
58,430
58,431
58,432
59,432
59,433
57,431
57,432
57,433
58,433
58,434
59,434
59,435
57,430
58,429
59,428
57,429
58,428
59,427
60,426
61,425
59,426
60,425
61,424
59,425
60,424
61,423
58,427
58,426
57,428
57,434
57,435
58,435
58,436
58,437
58,438
59,439
60,440
57,436
57,437
58,439
59,440
60,441
61,442
62,443
66,444
65,444
64,444
75,443
79,439
80,430
80,429
78,426
79,427
80,428
77,425
76,424
77,424
78,425
79,426
74,423
75,423
76,423
73,423
73,422
74,422
75,422
72,422
71,422
70,422
71,421
72,421
73,421
70,421
69,421
68,421
67,421
62,422
DIFFERENCE
137,427
137,428
137,429
138,426
138,427
138,428
138,429
138,430
139,425
139,426
139,427
139,428
139,429
139,430
139,431
140,425
140,426
140,427
140,429
140,430
140,431
141,425
141,426
141,427
141,428
141,429
141,430
141,431
142,426
142,427
142,428
142,429
142,430
143,427
143,428
143,429
142,431
142,432
143,426
143,430
143,431
143,432
144,426
144,427
144,428
144,429
144,430
144,431
144,432
145,427
145,428
145,429
145,430
145,431
146,428
146,429
146,430
145,432
145,433
146,427
146,431
146,432
146,433
147,427
147,428
147,429
147,430
147,431
147,432
147,433
148,428
148,429
148,430
148,431
148,432
149,429
149,430
149,431
148,433
148,434
149,428
149,432
149,433
149,434
150,428
150,429
150,430
150,431
150,432
150,433
150,434
151,429
151,430
151,431
151,432
151,433
152,430
152,431
152,432
149,435
150,435
150,436
151,434
151,435
151,436
152,433
152,434
152,435
152,436
153,431
153,432
153,433
153,434
153,435
154,432
154,433
154,434
149,436
149,437
150,437
150,438
151,437
151,438
151,439
152,437
152,438
152,439
153,436
153,437
153,438
153,439
154,435
154,436
154,437
154,438
155,435
155,436
155,437
149,438
149,439
149,440
150,439
150,440
150,441
151,440
151,441
151,442
152,440
152,441
152,442
153,440
153,441
153,442
154,439
154,440
154,441
155,438
155,439
155,440
149,441
150,442
151,443
152,443
153,443
154,442
155,441
147,441
147,442
147,443
148,440
148,441
148,442
148,443
148,444
149,442
149,443
149,444
149,445
150,443
150,444
150,445
151,444
151,445
152,444
147,444
148,445
149,446
150,446
151,446
152,445
153,444
144,443
144,444
144,445
145,442
145,443
145,444
145,445
145,446
146,441
146,442
146,443
146,444
146,445
146,446
146,447
147,445
147,446
147,447
148,446
148,447
144,446
145,447
146,448
147,448
148,448
149,447
143,444
143,445
143,446
144,447
145,448
140,444
140,445
140,446
141,443
141,444
141,445
141,446
141,447
142,442
142,443
142,444
142,445
142,446
142,447
142,448
143,442
143,443
143,447
143,448
144,442
144,448
141,441
141,442
142,440
142,441
143,439
143,440
143,441
144,439
144,440
144,441
145,439
145,440
145,441
146,440
144,438
145,437
145,438
146,437
146,438
146,439
147,437
147,438
147,439
147,440
148,438
148,439
147,436
148,436
148,437
145,436
146,435
146,436
147,434
147,435
148,435
145,434
145,435
146,434
143,433
143,434
143,435
144,433
144,434
144,435
144,436
141,435
141,436
141,437
142,434
142,435
142,436
142,437
142,438
143,436
143,437
143,438
144,437
141,438
142,439
139,438
139,439
139,440
140,437
140,438
140,439
140,440
140,441
141,439
141,440
138,439
138,440
138,441
139,441
139,442
140,442
140,443
137,442
137,443
137,444
138,442
138,443
138,444
138,445
139,443
139,444
139,445
139,446
136,443
136,444
136,445
137,445
137,446
138,446
138,447
139,447
140,447
136,442
137,441
134,440
134,441
134,442
135,439
135,440
135,441
135,442
135,443
136,438
136,439
136,440
136,441
137,438
137,439
137,440
138,438
135,437
135,438
136,436
136,437
137,435
137,436
137,437
138,435
138,436
138,437
139,435
139,436
139,437
140,436
138,434
139,433
139,434
140,433
140,434
140,435
141,433
141,434
138,433
139,432
140,432
141,432
142,433
138,431
138,432
135,431
135,432
135,433
136,430
136,431
136,432
136,433
136,434
137,430
137,431
137,432
137,433
137,434
134,433
134,434
134,435
135,434
135,435
135,436
136,435
133,434
133,435
133,436
134,436
134,437
131,436
131,437
131,438
132,435
132,436
132,437
132,438
132,439
133,437
133,438
133,439
133,440
134,438
134,439
131,435
132,434
133,433
134,432
132,433
133,432
134,431
135,430
136,429
134,430
135,429
136,428
134,429
135,428
136,427
133,431
133,430
132,432
133,441
133,442
134,443
135,444
132,440
132,441
133,443
134,444
135,445
136,446
137,447
141,448
140,448
139,448
150,447
154,443
155,434
155,433
153,430
154,431
155,432
152,429
151,428
152,428
153,429
154,430
149,427
150,427
151,427
148,427
148,426
149,426
150,426
147,426
146,426
145,426
146,425
147,425
148,425
145,425
144,425
143,425
142,425
137,426
DIFFERENCE
226,444
226,445
226,446
227,443
227,444
227,445
227,446
227,447
228,442
228,443
228,444
228,445
228,446
228,447
228,448
229,442
229,443
229,444
229,446
229,447
229,448
230,442
230,443
230,444
230,445
230,446
230,447
230,448
231,443
231,444
231,445
231,446
231,447
232,444
232,445
232,446
231,448
231,449
232,443
232,447
232,448
232,449
233,443
233,444
233,445
233,446
233,447
233,448
233,449
234,444
234,445
234,446
234,447
234,448
235,445
235,446
235,447
234,449
234,450
235,444
235,448
235,449
235,450
236,444
236,445
236,446
236,447
236,448
236,449
236,450
237,445
237,446
237,447
237,448
237,449
238,446
238,447
238,448
237,450
237,451
238,445
238,449
238,450
238,451
239,445
239,446
239,447
239,448
239,449
239,450
239,451
240,446
240,447
240,448
240,449
240,450
241,447
241,448
241,449
238,452
239,452
239,453
240,451
240,452
240,453
241,450
241,451
241,452
241,453
242,448
242,449
242,450
242,451
242,452
243,449
243,450
243,451
238,453
238,454
239,454
239,455
240,454
240,455
240,456
241,454
241,455
241,456
242,453
242,454
242,455
242,456
243,452
243,453
243,454
243,455
244,452
244,453
244,454
238,455
238,456
238,457
239,456
239,457
239,458
240,457
240,458
240,459
241,457
241,458
241,459
242,457
242,458
242,459
243,456
243,457
243,458
244,455
244,456
244,457
238,458
239,459
240,460
241,460
242,460
243,459
244,458
236,458
236,459
236,460
237,457
237,458
237,459
237,460
237,461
238,459
238,460
238,461
238,462
239,460
239,461
239,462
240,461
240,462
241,461
236,461
237,462
238,463
239,463
240,463
241,462
242,461
233,460
233,461
233,462
234,459
234,460
234,461
234,462
234,463
235,458
235,459
235,460
235,461
235,462
235,463
235,464
236,462
236,463
236,464
237,463
237,464
233,463
234,464
235,465
236,465
237,465
238,464
232,461
232,462
232,463
233,464
234,465
229,462
229,463
229,464
230,461
230,462
230,463
230,464
230,465
231,460
231,461
231,462
231,463
231,464
231,465
231,466
232,460
232,464
232,465
232,466
233,465
233,466
229,459
229,460
229,461
230,458
230,459
230,460
231,457
231,458
231,459
232,457
232,458
232,459
233,457
233,458
233,459
234,458
232,456
233,455
233,456
234,455
234,456
234,457
235,455
235,456
235,457
236,456
236,457
235,454
236,454
236,455
237,454
237,455
237,456
236,453
237,453
234,452
234,453
234,454
235,451
235,452
235,453
236,451
236,452
237,452
234,451
231,450
231,451
231,452
232,450
232,451
232,452
232,453
233,450
233,451
233,452
233,453
233,454
230,453
230,454
230,455
231,453
231,454
231,455
231,456
232,454
232,455
229,454
229,455
229,456
230,456
230,457
227,456
227,457
227,458
228,455
228,456
228,457
228,458
228,459
229,457
229,458
226,457
226,458
226,459
227,459
227,460
228,460
228,461
225,460
225,461
225,462
226,460
226,461
226,462
226,463
227,461
227,462
227,463
227,464
228,462
228,463
228,464
224,460
224,461
224,462
225,459
225,463
226,464
222,458
222,459
222,460
223,457
223,458
223,459
223,460
223,461
224,456
224,457
224,458
224,459
225,456
225,457
225,458
226,456
223,455
223,456
224,454
224,455
225,453
225,454
225,455
226,453
226,454
226,455
227,453
227,454
227,455
228,454
226,452
227,451
227,452
228,451
228,452
228,453
229,451
229,452
229,453
230,452
228,450
229,449
229,450
230,449
230,450
230,451
227,450
228,449
225,448
225,449
225,450
226,447
226,448
226,449
226,450
226,451
227,448
227,449
224,448
224,449
224,450
225,447
225,451
222,450
222,451
222,452
223,449
223,450
223,451
223,452
223,453
224,451
224,452
224,453
225,452
222,453
223,454
221,452
221,453
221,454
222,454
222,455
221,451
221,450
222,449
223,448
221,449
222,448
223,447
224,447
225,446
224,446
225,445
223,446
224,445
225,444
222,447
222,456
221,455
221,456
222,457
221,457
221,458
229,465
228,465
239,464
243,460
244,451
244,450
242,447
243,448
244,449
241,446
240,445
241,445
242,446
243,447
238,444
239,444
240,444
237,444
237,443
238,443
239,443
236,443
235,443
234,443
235,442
236,442
237,442
234,442
233,442
232,442
231,442
226,443
