DIFFERENCE
115,355
115,356
115,357
116,354
116,355
116,356
116,357
116,358
117,353
117,354
117,355
117,356
117,357
117,358
117,359
118,353
118,354
118,355
118,357
118,358
118,359
119,353
119,354
119,355
119,356
119,357
119,358
119,359
120,354
120,355
120,356
120,357
120,358
121,355
121,356
121,357
120,359
120,360
121,354
121,358
121,359
121,360
122,354
122,355
122,356
122,357
122,358
122,359
122,360
123,355
123,356
123,357
123,358
123,359
124,356
124,357
124,358
123,360
123,361
124,355
124,359
124,360
124,361
125,355
125,356
125,357
125,358
125,359
125,360
125,361
126,356
126,357
126,358
126,359
126,360
127,357
127,358
127,359
126,361
126,362
127,356
127,360
127,361
127,362
128,356
128,357
128,358
128,359
128,360
128,361
128,362
129,357
129,358
129,359
129,360
129,361
130,358
130,359
130,360
129,362
129,363
130,357
130,361
130,362
130,363
131,357
131,358
131,359
131,360
131,361
131,362
131,363
132,358
132,359
132,360
132,361
132,362
133,359
133,360
133,361
132,363
132,364
133,358
133,362
133,363
133,364
134,358
134,359
134,360
134,361
134,362
134,363
134,364
135,359
135,360
135,361
135,362
135,363
136,360
136,361
136,362
135,364
135,365
136,359
136,363
136,364
136,365
137,359
137,360
137,361
137,362
137,363
137,364
137,365
138,360
138,361
138,362
138,363
138,364
139,361
139,362
139,363
136,366
137,366
137,367
138,365
138,366
138,367
139,364
139,365
139,366
139,367
140,362
140,363
140,364
140,365
140,366
141,363
141,364
141,365
136,367
136,368
137,368
137,369
138,368
138,369
138,370
139,368
139,369
139,370
140,367
140,368
140,369
140,370
141,366
141,367
141,368
141,369
142,366
142,367
142,368
139,371
140,371
140,372
141,370
141,371
141,372
142,369
142,370
142,371
142,372
143,367
143,368
143,369
143,370
143,371
144,368
144,369
144,370
141,373
142,373
142,374
143,372
143,373
143,374
144,371
144,372
144,373
144,374
145,369
145,370
145,371
145,372
145,373
146,370
146,371
146,372
143,375
144,375
144,376
145,374
145,375
145,376
146,373
146,374
146,375
146,376
147,371
147,372
147,373
147,374
147,375
148,372
148,373
148,374
145,377
146,377
146,378
147,376
147,377
147,378
148,375
148,376
148,377
148,378
149,373
149,374
149,375
149,376
149,377
150,374
150,375
150,376
145,378
145,379
146,379
146,380
147,379
147,380
147,381
148,379
148,380
148,381
149,378
149,379
149,380
149,381
150,377
150,378
150,379
150,380
151,377
151,378
151,379
146,381
146,382
147,382
147,383
148,382
148,383
148,384
149,382
149,383
149,384
150,381
150,382
150,383
150,384
151,380
151,381
151,382
151,383
152,380
152,381
152,382
147,384
147,385
148,385
148,386
149,385
149,386
149,387
150,385
150,386
150,387
151,384
151,385
151,386
151,387
152,383
152,384
152,385
152,386
153,383
153,384
153,385
150,388
151,388
151,389
152,387
152,388
152,389
153,386
153,387
153,388
153,389
154,384
154,385
154,386
154,387
154,388
155,385
155,386
155,387
150,389
150,390
151,390
151,391
152,390
152,391
152,392
153,390
153,391
153,392
154,389
154,390
154,391
154,392
155,388
155,389
155,390
155,391
156,388
156,389
156,390
153,393
154,393
154,394
155,392
155,393
155,394
156,391
156,392
156,393
156,394
157,389
157,390
157,391
157,392
157,393
158,390
158,391
158,392
153,394
153,395
154,395
154,396
155,395
155,396
155,397
156,395
156,396
156,397
157,394
157,395
157,396
157,397
158,393
158,394
158,395
158,396
159,393
159,394
159,395
154,397
154,398
155,398
155,399
156,398
156,399
156,400
157,398
157,399
157,400
158,397
158,398
158,399
158,400
159,396
159,397
159,398
159,399
160,396
160,397
160,398
155,400
155,401
156,401
156,402
157,401
157,402
157,403
158,401
158,402
158,403
159,400
159,401
159,402
159,403
160,399
160,400
160,401
160,402
161,399
161,400
161,401
155,402
155,403
155,404
156,403
156,404
156,405
157,404
157,405
157,406
158,404
158,405
158,406
159,404
159,405
159,406
160,403
160,404
160,405
161,402
161,403
161,404
155,405
155,406
155,407
156,406
156,407
156,408
157,407
157,408
157,409
158,407
158,408
158,409
159,407
159,408
159,409
160,406
160,407
160,408
161,405
161,406
161,407
155,408
155,409
155,410
156,409
156,410
156,411
157,410
157,411
157,412
158,410
158,411
158,412
159,410
159,411
159,412
160,409
160,410
160,411
161,408
161,409
161,410
154,411
154,412
154,413
155,411
155,412
155,413
155,414
156,412
156,413
156,414
156,415
157,413
157,414
157,415
158,413
158,414
158,415
159,413
159,414
160,412
160,413
154,414
154,415
155,415
155,416
156,416
156,417
157,416
157,417
158,416
158,417
159,415
159,416
160,414
160,415
153,416
153,417
153,418
154,416
154,417
154,418
154,419
155,417
155,418
155,419
155,420
156,418
156,419
156,420
157,418
157,419
157,420
158,418
158,419
159,417
159,418
153,419
153,420
154,420
154,421
155,421
155,422
156,421
156,422
157,421
157,422
158,420
158,421
159,419
159,420
152,420
152,421
152,422
153,421
153,422
153,423
154,422
154,423
154,424
155,423
155,424
156,423
156,424
157,423
158,422
151,422
151,423
151,424
152,423
152,424
152,425
153,424
153,425
153,426
154,425
154,426
155,425
155,426
156,425
157,424
150,424
150,425
150,426
151,425
151,426
151,427
152,426
152,427
152,428
153,427
153,428
154,427
154,428
155,427
156,426
149,425
149,426
149,427
150,427
150,428
151,428
151,429
152,429
153,429
148,427
148,428
148,429
149,428
149,429
149,430
150,429
150,430
150,431
151,430
151,431
152,430
152,431
153,430
154,429
147,428
147,429
147,430
148,430
148,431
149,431
149,432
150,432
151,432
145,429
145,430
145,431
146,428
146,429
146,430
146,431
146,432
147,427
147,431
147,432
147,433
148,432
148,433
149,433
144,430
144,431
144,432
145,432
145,433
146,433
146,434
147,434
148,434
142,431
142,432
142,433
143,430
143,431
143,432
143,433
143,434
144,429
144,433
144,434
144,435
145,434
145,435
146,435
141,432
141,433
141,434
142,434
142,435
143,435
143,436
144,436
145,436
139,433
139,434
139,435
140,432
140,433
140,434
140,435
140,436
141,431
141,435
141,436
141,437
142,436
142,437
143,437
138,430
138,431
138,432
139,429
139,430
139,431
139,432
140,428
140,429
140,430
140,431
141,428
141,429
141,430
142,428
142,429
142,430
143,429
141,427
142,426
142,427
143,426
143,427
143,428
144,426
144,427
144,428
145,427
145,428
144,425
145,425
145,426
146,425
146,426
146,427
147,426
145,424
146,423
146,424
147,423
147,424
147,425
148,423
148,424
148,425
148,426
149,424
147,422
148,421
148,422
149,421
149,422
149,423
150,421
150,422
150,423
149,420
150,420
151,420
151,421
148,420
149,419
150,418
150,419
151,418
151,419
152,418
152,419
149,418
150,417
151,416
151,417
152,416
152,417
149,416
149,417
150,415
150,416
151,414
151,415
152,414
152,415
153,414
153,415
150,414
151,413
152,412
152,413
153,412
153,413
150,412
150,413
151,411
151,412
152,410
152,411
153,410
153,411
154,410
151,409
151,410
152,408
152,409
153,407
153,408
153,409
154,407
154,408
154,409
151,408
152,407
153,406
154,406
151,405
151,406
151,407
152,404
152,405
152,406
153,403
153,404
153,405
154,403
154,404
154,405
151,404
152,403
153,402
154,402
151,401
151,402
151,403
152,400
152,401
152,402
153,399
153,400
153,401
154,399
154,400
154,401
151,400
152,399
153,398
150,397
150,398
150,399
151,396
151,397
151,398
151,399
152,395
152,396
152,397
152,398
153,396
153,397
150,396
151,395
152,394
149,393
149,394
149,395
150,392
150,393
150,394
150,395
151,392
151,393
151,394
152,393
149,392
150,391
147,390
147,391
147,392
148,389
148,390
148,391
148,392
148,393
149,388
149,389
149,390
149,391
146,390
146,391
146,392
147,389
147,393
148,388
148,394
145,393
145,394
145,395
146,393
146,394
146,395
146,396
147,394
147,395
147,396
147,397
148,395
148,396
148,397
149,396
149,397
146,397
146,398
147,398
147,399
148,398
148,399
148,400
149,398
149,399
149,400
150,400
147,400
147,401
148,401
148,402
149,401
149,402
149,403
150,401
150,402
150,403
147,402
147,403
147,404
148,403
148,404
148,405
149,404
149,405
149,406
150,404
150,405
150,406
147,405
147,406
147,407
148,406
148,407
148,408
149,407
149,408
149,409
150,407
150,408
150,409
147,408
147,409
147,410
148,409
148,410
148,411
149,410
149,411
149,412
150,410
150,411
147,411
147,412
148,412
148,413
149,413
149,414
146,413
146,414
146,415
147,413
147,414
147,415
147,416
148,414
148,415
148,416
148,417
149,415
146,416
147,417
148,418
145,417
145,418
145,419
146,417
146,418
146,419
146,420
147,418
147,419
147,420
147,421
148,419
145,420
146,421
143,420
143,421
143,422
144,419
144,420
144,421
144,422
144,423
145,421
145,422
145,423
146,422
143,423
144,424
141,423
141,424
141,425
142,422
142,423
142,424
142,425
143,424
143,425
140,424
140,425
140,426
141,426
138,425
138,426
138,427
139,424
139,425
139,426
139,427
139,428
140,423
140,427
137,426
137,427
137,428
138,428
138,429
135,428
135,429
135,430
136,427
136,428
136,429
136,430
136,431
137,429
137,430
137,431
137,432
134,431
134,432
134,433
135,431
135,432
135,433
135,434
136,432
136,433
136,434
136,435
137,433
137,434
137,435
138,433
138,434
138,435
135,435
135,436
136,436
136,437
137,436
137,437
137,438
138,436
138,437
138,438
139,436
139,437
139,438
140,437
132,435
132,436
132,437
133,434
133,435
133,436
133,437
133,438
134,434
134,435
134,436
134,437
134,438
134,439
135,437
135,438
135,439
136,438
136,439
131,435
131,436
131,437
132,434
132,438
133,433
133,439
130,432
130,433
130,434
131,431
131,432
131,433
131,434
132,430
132,431
132,432
132,433
133,430
133,431
133,432
134,430
131,429
131,430
132,428
132,429
133,427
133,428
133,429
134,427
134,428
134,429
135,427
132,426
132,427
133,425
133,426
134,424
134,425
134,426
135,424
135,425
135,426
136,424
136,425
136,426
137,425
135,423
136,422
136,423
137,422
137,423
137,424
138,422
138,423
138,424
139,423
137,421
138,420
138,421
139,420
139,421
139,422
140,420
140,421
140,422
141,421
141,422
140,419
141,419
141,420
142,419
142,420
142,421
141,418
142,418
143,418
143,419
140,418
141,417
142,416
142,417
143,416
143,417
144,416
144,417
144,418
143,415
144,415
145,415
145,416
142,415
143,414
144,413
144,414
145,413
145,414
142,413
142,414
143,412
143,413
144,411
144,412
145,411
145,412
146,411
146,412
143,411
144,410
145,409
145,410
146,409
146,410
143,409
143,410
144,408
144,409
145,407
145,408
146,407
146,408
143,407
143,408
144,406
144,407
145,405
145,406
146,405
146,406
143,405
143,406
144,404
144,405
145,403
145,404
146,403
146,404
143,403
143,404
144,402
144,403
145,401
145,402
146,401
146,402
143,401
143,402
144,400
144,401
145,399
145,400
146,399
146,400
143,399
143,400
144,398
144,399
145,397
145,398
142,397
142,398
142,399
143,396
143,397
143,398
144,395
144,396
144,397
145,396
142,395
142,396
143,394
143,395
144,393
144,394
141,393
141,394
141,395
142,392
142,393
142,394
143,391
143,392
143,393
144,391
144,392
145,391
145,392
142,391
143,390
144,389
144,390
145,389
145,390
146,389
143,388
143,389
144,387
144,388
145,386
145,387
145,388
146,386
146,387
146,388
147,386
147,387
147,388
148,387
146,385
143,384
143,385
143,386
144,383
144,384
144,385
144,386
145,382
145,383
145,384
145,385
146,383
146,384
143,383
144,382
145,381
142,380
142,381
142,382
143,379
143,380
143,381
143,382
144,378
144,379
144,380
144,381
145,380
142,379
143,378
144,377
141,376
141,377
141,378
142,375
142,376
142,377
142,378
143,376
143,377
140,376
140,377
140,378
141,375
141,379
138,378
138,379
138,380
139,377
139,378
139,379
139,380
139,381
140,379
140,380
140,381
140,382
141,380
141,381
141,382
138,381
138,382
138,383
139,382
139,383
139,384
140,383
140,384
140,385
141,383
141,384
141,385
142,383
142,384
142,385
139,385
139,386
140,386
140,387
141,386
141,387
141,388
142,386
142,387
142,388
143,387
140,388
141,389
142,389
142,390
139,389
139,390
139,391
140,389
140,390
140,391
140,392
141,390
141,391
141,392
138,391
138,392
138,393
139,392
139,393
139,394
140,393
140,394
140,395
137,394
137,395
137,396
138,394
138,395
138,396
138,397
139,395
139,396
139,397
139,398
140,396
140,397
140,398
141,396
141,397
141,398
138,398
138,399
139,399
139,400
140,399
140,400
140,401
141,399
141,400
141,401
142,400
142,401
139,401
139,402
140,402
140,403
141,402
141,403
141,404
142,402
142,403
142,404
139,403
139,404
139,405
140,404
140,405
140,406
141,405
141,406
141,407
142,405
142,406
142,407
139,406
139,407
139,408
140,407
140,408
140,409
141,408
141,409
141,410
142,408
142,409
142,410
139,409
139,410
139,411
140,410
140,411
140,412
141,411
141,412
141,413
142,411
142,412
139,412
139,413
140,413
140,414
141,414
141,415
138,414
138,415
138,416
139,414
139,415
139,416
139,417
140,415
140,416
140,417
141,416
138,417
139,418
136,417
136,418
136,419
137,416
137,417
137,418
137,419
137,420
138,418
138,419
139,419
136,420
133,419
133,420
133,421
134,418
134,419
134,420
134,421
134,422
135,417
135,418
135,419
135,420
135,421
135,422
136,421
133,422
134,423
131,422
131,423
131,424
132,421
132,422
132,423
132,424
132,425
133,423
133,424
130,423
130,424
130,425
131,425
131,426
128,425
128,426
128,427
129,424
129,425
129,426
129,427
129,428
130,426
130,427
130,428
130,429
131,427
131,428
128,428
128,429
129,429
129,430
130,430
130,431
127,430
127,431
127,432
128,430
128,431
128,432
128,433
129,431
129,432
129,433
129,434
126,433
126,434
126,435
127,433
127,434
127,435
127,436
128,434
128,435
128,436
128,437
129,435
129,436
129,437
130,435
130,436
130,437
127,437
127,438
128,438
128,439
129,438
129,439
129,440
130,438
130,439
130,440
131,438
131,439
131,440
132,439
130,441
131,441
132,440
132,441
133,440
127,439
128,440
129,441
124,438
124,439
124,440
125,437
125,438
125,439
125,440
125,441
126,436
126,437
126,438
126,439
126,440
126,441
126,442
127,440
127,441
127,442
128,441
128,442
124,441
125,442
126,443
127,443
128,443
129,442
123,439
123,440
123,441
124,442
125,443
120,439
120,440
120,441
121,438
121,439
121,440
121,441
121,442
122,437
122,438
122,439
122,440
122,441
122,442
122,443
123,437
123,438
123,442
123,443
124,437
124,443
121,436
121,437
122,435
122,436
123,434
123,435
123,436
124,434
124,435
124,436
125,434
125,435
125,436
124,433
125,433
122,432
122,433
122,434
123,431
123,432
123,433
124,430
124,431
124,432
125,430
125,431
125,432
126,430
126,431
126,432
125,429
126,429
127,429
124,428
124,429
125,427
125,428
126,426
126,427
126,428
127,426
127,427
127,428
124,427
125,426
126,425
127,425
124,424
124,425
124,426
125,423
125,424
125,425
126,422
126,423
126,424
127,422
127,423
127,424
128,422
128,423
128,424
129,423
127,421
128,420
128,421
129,420
129,421
129,422
130,420
130,421
130,422
131,421
129,419
130,418
130,419
131,418
131,419
131,420
132,418
132,419
132,420
131,417
132,417
133,417
133,418
130,417
131,416
132,415
132,416
133,415
133,416
134,415
134,416
134,417
135,416
133,414
134,413
134,414
135,413
135,414
135,415
136,413
136,414
136,415
136,416
137,414
137,415
136,412
137,412
137,413
138,412
138,413
135,412
136,411
137,410
137,411
138,410
138,411
135,410
135,411
136,409
136,410
137,408
137,409
138,408
138,409
135,408
135,409
136,407
136,408
137,406
137,407
138,406
138,407
135,406
135,407
136,405
136,406
137,404
137,405
138,404
138,405
135,404
135,405
136,403
136,404
137,402
137,403
138,402
138,403
135,402
135,403
136,401
136,402
137,400
137,401
138,400
138,401
135,400
135,401
136,399
136,400
137,398
137,399
134,398
134,399
134,400
135,397
135,398
135,399
136,396
136,397
136,398
137,397
134,396
134,397
135,395
135,396
136,394
136,395
133,394
133,395
133,396
134,393
134,394
134,395
135,392
135,393
135,394
136,392
136,393
137,392
137,393
134,392
135,391
136,390
136,391
137,390
137,391
138,390
135,389
135,390
136,388
136,389
137,387
137,388
137,389
138,387
138,388
138,389
139,387
139,388
136,387
137,386
138,385
138,386
135,385
135,386
135,387
136,384
136,385
136,386
137,383
137,384
137,385
138,384
135,383
135,384
136,382
136,383
137,381
137,382
134,381
134,382
134,383
135,380
135,381
135,382
136,379
136,380
136,381
137,379
137,380
134,379
134,380
135,378
135,379
136,377
136,378
137,377
137,378
138,377
135,376
135,377
136,375
136,376
137,374
137,375
137,376
138,374
138,375
138,376
139,374
139,375
139,376
140,375
138,373
139,372
139,373
140,373
140,374
141,374
137,373
138,372
135,371
135,372
135,373
136,370
136,371
136,372
136,373
136,374
137,370
137,371
137,372
138,371
135,370
136,369
133,368
133,369
133,370
134,367
134,368
134,369
134,370
134,371
135,366
135,367
135,368
135,369
132,368
132,369
132,370
133,367
133,371
134,366
134,372
131,371
131,372
131,373
132,371
132,372
132,373
132,374
133,372
133,373
133,374
133,375
134,373
134,374
134,375
135,374
135,375
132,375
132,376
133,376
133,377
134,376
134,377
134,378
131,377
131,378
131,379
132,377
132,378
132,379
132,380
133,378
133,379
133,380
133,381
130,380
130,381
130,382
131,380
131,381
131,382
131,383
132,381
132,382
132,383
132,384
133,382
133,383
133,384
134,384
131,384
131,385
132,385
132,386
133,385
133,386
133,387
134,385
134,386
134,387
131,386
131,387
131,388
132,387
132,388
132,389
133,388
133,389
133,390
134,388
134,389
134,390
135,388
134,391
131,390
131,391
131,392
132,390
132,391
132,392
132,393
133,391
133,392
133,393
130,392
130,393
130,394
131,393
131,394
131,395
132,394
132,395
132,396
129,395
129,396
129,397
130,395
130,396
130,397
130,398
131,396
131,397
131,398
131,399
132,397
132,398
132,399
133,397
133,398
133,399
130,399
130,400
131,400
131,401
132,400
132,401
132,402
133,400
133,401
133,402
134,401
134,402
131,402
131,403
132,403
132,404
133,403
133,404
133,405
134,403
134,404
134,405
131,404
131,405
131,406
132,405
132,406
132,407
133,406
133,407
133,408
134,406
134,407
134,408
131,407
131,408
131,409
132,408
132,409
132,410
133,409
133,410
133,411
134,409
134,410
134,411
131,410
131,411
131,412
132,411
132,412
132,413
133,412
133,413
134,412
131,413
132,414
129,413
129,414
129,415
130,412
130,413
130,414
130,415
130,416
131,414
131,415
128,414
128,415
128,416
129,416
129,417
126,416
126,417
126,418
127,415
127,416
127,417
127,418
127,419
128,417
128,418
128,419
129,418
126,419
127,420
124,419
124,420
124,421
125,418
125,419
125,420
125,421
125,422
126,420
126,421
123,420
123,421
123,422
124,422
124,423
121,422
121,423
121,424
122,421
122,422
122,423
122,424
122,425
123,423
123,424
123,425
123,426
120,425
120,426
120,427
121,425
121,426
121,427
121,428
122,426
122,427
122,428
122,429
123,427
123,428
123,429
120,428
120,429
120,430
121,429
121,430
121,431
122,430
122,431
123,430
120,431
121,432
118,431
118,432
118,433
119,430
119,431
119,432
119,433
119,434
120,432
120,433
120,434
120,435
121,433
121,434
121,435
118,434
118,435
118,436
119,435
119,436
119,437
120,436
120,437
120,438
117,437
117,438
117,439
118,437
118,438
118,439
118,440
119,438
119,439
119,440
119,441
116,440
116,441
116,442
117,440
117,441
117,442
117,443
118,441
118,442
118,443
118,444
119,442
119,443
119,444
120,442
120,443
120,444
121,443
115,440
115,441
115,442
116,439
116,443
117,444
113,438
113,439
113,440
114,437
114,438
114,439
114,440
114,441
115,436
115,437
115,438
115,439
116,436
116,437
116,438
117,436
114,435
114,436
115,434
115,435
116,433
116,434
116,435
117,433
117,434
117,435
114,434
115,433
116,432
117,432
114,431
114,432
114,433
115,430
115,431
115,432
116,429
116,430
116,431
117,429
117,430
117,431
118,429
118,430
115,429
116,428
117,427
117,428
118,427
118,428
119,427
119,428
119,429
118,426
119,426
116,425
116,426
116,427
117,424
117,425
117,426
118,423
118,424
118,425
119,423
119,424
119,425
120,423
120,424
117,423
118,422
119,421
119,422
120,421
120,422
121,421
118,420
118,421
119,419
119,420
120,418
120,419
120,420
121,418
121,419
121,420
122,418
122,419
122,420
123,419
121,417
122,416
122,417
123,416
123,417
123,418
124,416
124,417
124,418
125,417
123,415
124,414
124,415
125,414
125,415
125,416
126,414
126,415
123,414
124,413
125,412
125,413
126,412
126,413
127,412
127,413
127,414
128,413
126,411
127,410
127,411
128,410
128,411
128,412
129,410
129,411
129,412
130,411
128,409
129,408
129,409
130,408
130,409
130,410
127,409
128,408
129,407
130,407
127,406
127,407
127,408
128,405
128,406
128,407
129,404
129,405
129,406
130,404
130,405
130,406
127,405
128,404
129,403
130,403
127,402
127,403
127,404
128,401
128,402
128,403
129,400
129,401
129,402
130,401
130,402
127,401
128,400
129,399
126,398
126,399
126,400
127,397
127,398
127,399
127,400
128,396
128,397
128,398
128,399
129,398
126,397
127,396
128,395
125,394
125,395
125,396
126,393
126,394
126,395
126,396
127,392
127,393
127,394
127,395
128,392
128,393
128,394
129,392
129,393
129,394
128,391
129,391
130,391
127,390
127,391
128,389
128,390
129,388
129,389
129,390
130,388
130,389
130,390
131,389
128,388
129,387
130,386
130,387
127,386
127,387
127,388
128,385
128,386
128,387
129,384
129,385
129,386
130,384
130,385
127,384
127,385
128,383
128,384
129,382
129,383
130,383
127,382
127,383
128,381
128,382
129,380
129,381
126,380
126,381
126,382
127,379
127,380
127,381
128,378
128,379
128,380
129,378
129,379
130,378
130,379
127,378
128,377
129,376
129,377
130,376
130,377
131,376
128,375
128,376
129,374
129,375
130,373
130,374
130,375
131,374
131,375
128,374
129,373
130,372
127,371
127,372
127,373
128,370
128,371
128,372
128,373
129,369
129,370
129,371
129,372
130,369
130,370
130,371
131,369
131,370
128,369
129,368
130,367
130,368
131,367
131,368
132,367
129,366
129,367
130,365
130,366
131,364
131,365
131,366
132,365
132,366
133,365
133,366
134,365
130,364
127,363
127,364
127,365
128,363
128,364
128,365
128,366
129,364
129,365
126,364
126,365
126,366
127,366
127,367
128,367
128,368
125,367
125,368
125,369
126,367
126,368
126,369
126,370
127,368
127,369
127,370
124,369
124,370
124,371
125,370
125,371
125,372
126,371
126,372
126,373
123,372
123,373
123,374
124,372
124,373
124,374
124,375
125,373
125,374
125,375
125,376
126,374
126,375
126,376
127,374
127,375
127,376
124,376
124,377
125,377
125,378
126,377
126,378
126,379
127,377
124,378
125,379
122,378
122,379
122,380
123,377
123,378
123,379
123,380
123,381
124,379
124,380
124,381
124,382
125,380
125,381
125,382
122,381
122,382
122,383
123,382
123,383
123,384
124,383
124,384
124,385
125,383
125,384
125,385
126,383
126,384
126,385
123,385
123,386
124,386
124,387
125,386
125,387
125,388
126,386
126,387
126,388
123,387
123,388
123,389
124,388
124,389
124,390
125,389
125,390
125,391
126,389
126,390
126,391
127,389
126,392
123,391
123,392
123,393
124,391
124,392
124,393
124,394
125,392
125,393
122,392
122,393
122,394
123,394
123,395
124,395
124,396
121,395
121,396
121,397
122,395
122,396
122,397
122,398
123,396
123,397
123,398
123,399
124,397
124,398
124,399
125,397
125,398
125,399
122,399
122,400
123,400
123,401
124,400
124,401
124,402
125,400
125,401
125,402
126,401
126,402
123,402
123,403
124,403
124,404
125,403
125,404
125,405
126,403
126,404
126,405
123,404
123,405
123,406
124,405
124,406
124,407
125,406
125,407
125,408
126,406
126,407
126,408
123,407
123,408
123,409
124,408
124,409
124,410
125,409
125,410
125,411
126,409
126,410
123,410
123,411
124,411
124,412
121,411
121,412
121,413
122,410
122,411
122,412
122,413
122,414
123,412
123,413
120,412
120,413
120,414
121,414
121,415
122,415
119,414
119,415
119,416
120,415
120,416
120,417
121,416
118,415
118,416
118,417
119,417
119,418
116,417
116,418
116,419
117,416
117,417
117,418
117,419
117,420
118,418
118,419
115,418
115,419
115,420
116,420
116,421
117,421
117,422
114,421
114,422
114,423
115,421
115,422
115,423
115,424
116,422
116,423
116,424
113,423
113,424
113,425
114,424
114,425
114,426
115,425
115,426
115,427
112,426
112,427
112,428
113,426
113,427
113,428
113,429
114,427
114,428
114,429
114,430
115,428
112,429
113,430
110,429
110,430
110,431
111,428
111,429
111,430
111,431
111,432
112,430
112,431
112,432
112,433
113,431
113,432
113,433
110,432
110,433
110,434
111,433
111,434
111,435
112,434
112,435
112,436
113,434
113,435
113,436
110,435
110,436
110,437
111,436
111,437
111,438
112,437
112,438
112,439
113,437
110,438
111,439
112,440
108,438
108,439
108,440
109,437
109,438
109,439
109,440
109,441
110,439
110,440
110,441
110,442
111,440
111,441
111,442
112,441
112,442
113,441
106,437
106,438
106,439
107,436
107,437
107,438
107,439
107,440
108,435
108,436
108,437
108,441
109,435
109,436
106,435
106,436
107,434
107,435
108,433
108,434
109,433
109,434
106,433
106,434
107,432
107,433
108,431
108,432
109,431
109,432
106,431
106,432
107,430
107,431
108,429
108,430
109,429
109,430
106,429
106,430
107,428
107,429
108,427
108,428
109,427
109,428
110,427
110,428
107,427
108,426
109,425
109,426
110,425
110,426
111,425
111,426
111,427
110,424
111,424
112,424
112,425
109,424
110,423
111,422
111,423
112,422
112,423
113,422
110,421
110,422
111,420
111,421
112,419
112,420
112,421
113,419
113,420
113,421
114,419
114,420
111,419
112,418
113,417
113,418
114,417
114,418
115,417
112,416
112,417
113,415
113,416
114,414
114,415
114,416
115,414
115,415
115,416
116,414
116,415
116,416
117,415
115,413
116,412
116,413
117,412
117,413
117,414
118,412
118,413
118,414
119,413
117,411
118,410
118,411
119,410
119,411
119,412
120,410
120,411
117,410
118,409
119,408
119,409
120,408
120,409
121,408
121,409
121,410
122,409
120,407
121,406
121,407
122,406
122,407
122,408
119,407
120,406
121,405
122,405
119,404
119,405
119,406
120,403
120,404
120,405
121,402
121,403
121,404
122,402
122,403
122,404
119,403
120,402
121,401
122,401
119,400
119,401
119,402
120,399
120,400
120,401
121,398
121,399
121,400
118,399
118,400
118,401
119,398
119,399
120,397
120,398
117,397
117,398
117,399
118,396
118,397
118,398
119,395
119,396
119,397
120,395
120,396
117,395
117,396
118,394
118,395
119,393
119,394
120,393
120,394
121,393
121,394
118,393
119,392
120,391
120,392
121,391
121,392
122,391
119,390
119,391
120,389
120,390
121,388
121,389
121,390
122,388
122,389
122,390
123,390
122,387
119,386
119,387
119,388
120,385
120,386
120,387
120,388
121,384
121,385
121,386
121,387
122,384
122,385
122,386
119,385
120,384
121,383
118,382
118,383
118,384
119,381
119,382
119,383
119,384
120,380
120,381
120,382
120,383
121,380
121,381
121,382
118,381
119,380
120,379
121,379
118,378
118,379
118,380
119,377
119,378
119,379
120,376
120,377
120,378
121,376
121,377
121,378
122,376
122,377
119,376
120,375
121,374
121,375
122,374
122,375
123,375
123,376
122,373
119,372
119,373
119,374
120,371
120,372
120,373
120,374
121,370
121,371
121,372
121,373
122,370
122,371
122,372
123,370
123,371
120,370
121,369
122,368
122,369
123,368
123,369
124,368
121,367
121,368
122,366
122,367
123,365
123,366
123,367
124,365
124,366
124,367
125,365
125,366
122,365
123,364
124,363
124,364
125,363
125,364
126,363
123,362
123,363
124,362
125,362
122,361
122,362
122,363
119,362
119,363
119,364
120,361
120,362
120,363
120,364
120,365
121,361
121,362
121,363
121,364
121,365
121,366
122,364
119,365
120,366
117,365
117,366
117,367
118,364
118,365
118,366
118,367
118,368
119,366
119,367
119,368
119,369
120,367
120,368
120,369
117,368
117,369
117,370
118,369
118,370
118,371
119,370
119,371
116,370
116,371
116,372
117,371
117,372
117,373
118,372
118,373
118,374
115,373
115,374
115,375
116,373
116,374
116,375
116,376
117,374
117,375
117,376
117,377
118,375
118,376
118,377
119,375
115,376
115,377
115,378
116,377
116,378
116,379
117,378
117,379
117,380
114,379
114,380
114,381
115,379
115,380
115,381
115,382
116,380
116,381
116,382
116,383
117,381
117,382
117,383
114,382
114,383
114,384
115,383
115,384
115,385
116,384
116,385
116,386
117,384
117,385
117,386
118,385
118,386
115,386
115,387
116,387
116,388
117,387
117,388
117,389
118,387
118,388
118,389
119,389
116,389
116,390
117,390
117,391
118,390
118,391
118,392
115,391
115,392
115,393
116,391
116,392
116,393
116,394
117,392
117,393
117,394
114,393
114,394
114,395
115,394
115,395
115,396
116,395
116,396
116,397
113,396
113,397
113,398
114,396
114,397
114,398
114,399
115,397
115,398
115,399
115,400
116,398
116,399
116,400
117,400
114,400
114,401
115,401
115,402
116,401
116,402
116,403
117,401
117,402
117,403
118,402
118,403
115,403
115,404
116,404
116,405
117,404
117,405
117,406
118,404
118,405
118,406
115,405
115,406
115,407
116,406
116,407
116,408
117,407
117,408
117,409
118,407
118,408
115,408
115,409
116,409
116,410
113,409
113,410
113,411
114,408
114,409
114,410
114,411
114,412
115,410
115,411
115,412
116,411
113,412
114,413
111,412
111,413
111,414
112,411
112,412
112,413
112,414
112,415
113,413
113,414
110,413
110,414
110,415
111,415
111,416
108,415
108,416
108,417
109,414
109,415
109,416
109,417
109,418
110,416
110,417
110,418
110,419
111,417
111,418
108,418
108,419
109,419
109,420
110,420
107,419
107,420
107,421
108,420
108,421
108,422
109,421
109,422
109,423
106,422
106,423
106,424
107,422
107,423
107,424
107,425
108,423
108,424
108,425
105,424
105,425
105,426
106,425
106,426
106,427
107,426
104,425
104,426
104,427
105,427
105,428
106,428
103,427
103,428
103,429
104,428
104,429
104,430
105,429
105,430
105,431
102,430
102,431
102,432
103,430
103,431
103,432
103,433
104,431
104,432
104,433
104,434
105,432
105,433
105,434
102,433
102,434
102,435
103,434
103,435
103,436
104,435
104,436
104,437
105,435
105,436
105,437
102,436
103,437
104,438
105,438
101,434
101,435
101,436
102,437
103,438
100,433
100,434
100,435
101,432
101,433
99,432
99,433
99,434
100,431
100,432
101,430
101,431
98,430
98,431
98,432
99,429
99,430
99,431
100,428
100,429
100,430
101,428
101,429
102,428
102,429
99,428
100,427
101,426
101,427
102,426
102,427
103,426
100,425
100,426
101,424
101,425
102,423
102,424
102,425
103,423
103,424
103,425
104,423
104,424
101,423
102,422
103,421
103,422
104,421
104,422
105,421
105,422
105,423
104,420
105,420
106,420
106,421
103,420
104,419
105,418
105,419
106,418
106,419
107,418
104,417
104,418
105,416
105,417
106,415
106,416
106,417
107,415
107,416
107,417
104,416
105,415
106,414
107,414
108,414
105,413
105,414
106,412
106,413
107,411
107,412
107,413
108,411
108,412
108,413
109,411
109,412
109,413
110,412
108,410
109,409
109,410
110,409
110,410
110,411
111,409
111,410
111,411
112,410
110,408
111,407
111,408
112,407
112,408
112,409
113,407
113,408
110,407
111,406
112,405
112,406
113,405
113,406
114,405
114,406
114,407
113,404
114,404
111,403
111,404
111,405
112,402
112,403
112,404
113,401
113,402
113,403
114,402
114,403
111,402
112,401
113,400
110,399
110,400
110,401
111,398
111,399
111,400
111,401
112,397
112,398
112,399
112,400
113,399
110,398
111,397
112,396
109,395
109,396
109,397
110,394
110,395
110,396
110,397
111,393
111,394
111,395
111,396
112,393
112,394
112,395
113,393
113,394
113,395
112,392
113,392
114,392
111,391
111,392
112,390
112,391
113,389
113,390
113,391
114,389
114,390
114,391
115,389
115,390
112,389
113,388
114,387
114,388
115,388
112,387
112,388
113,386
113,387
114,385
114,386
111,385
111,386
111,387
112,384
112,385
112,386
113,383
113,384
113,385
110,384
110,385
110,386
111,383
111,384
112,382
112,383
113,382
110,381
110,382
110,383
111,380
111,381
111,382
112,379
112,380
112,381
113,379
113,380
113,381
110,380
111,379
112,378
113,378
114,378
111,377
111,378
112,376
112,377
113,375
113,376
113,377
114,375
114,376
114,377
111,376
112,375
113,374
114,374
111,373
111,374
111,375
112,372
112,373
112,374
113,371
113,372
113,373
114,371
114,372
114,373
115,371
115,372
112,371
113,370
114,369
114,370
115,369
115,370
116,369
113,368
113,369
114,367
114,368
115,366
115,367
115,368
116,366
116,367
116,368
113,367
114,366
115,365
116,365
113,364
113,365
113,366
114,363
114,364
114,365
115,362
115,363
115,364
116,362
116,363
116,364
117,362
117,363
117,364
118,363
116,361
117,360
117,361
118,360
118,361
118,362
119,360
119,361
116,360
113,359
113,360
113,361
114,358
114,359
114,360
114,361
114,362
115,358
115,359
115,360
115,361
116,359
113,358
114,357
111,356
111,357
111,358
112,355
112,356
112,357
112,358
112,359
113,354
113,355
113,356
113,357
114,354
114,355
114,356
115,354
110,356
110,357
110,358
111,355
111,359
112,354
112,360
109,359
109,360
109,361
110,359
110,360
110,361
110,362
111,360
111,361
111,362
111,363
112,361
112,362
112,363
113,362
113,363
110,363
110,364
111,364
111,365
112,364
112,365
112,366
109,365
109,366
109,367
110,365
110,366
110,367
110,368
111,366
111,367
111,368
111,369
112,367
112,368
112,369
109,368
109,369
109,370
110,369
110,370
110,371
111,370
111,371
111,372
112,370
109,371
110,372
107,371
107,372
107,373
108,370
108,371
108,372
108,373
108,374
109,372
109,373
109,374
109,375
110,373
110,374
110,375
107,374
107,375
107,376
108,375
108,376
108,377
109,376
109,377
109,378
110,376
110,377
110,378
107,377
107,378
107,379
108,378
108,379
108,380
109,379
109,380
109,381
110,379
107,380
108,381
109,382
106,381
106,382
106,383
107,381
107,382
107,383
107,384
108,382
108,383
108,384
108,385
109,383
109,384
109,385
106,384
106,385
106,386
107,385
107,386
107,387
108,386
108,387
108,388
109,386
109,387
109,388
110,387
110,388
107,388
107,389
108,389
108,390
109,389
109,390
109,391
110,389
110,390
110,391
111,388
111,389
111,390
108,391
109,392
110,392
110,393
107,392
107,393
107,394
108,392
108,393
108,394
108,395
109,393
109,394
106,393
106,394
106,395
107,395
107,396
108,396
108,397
105,396
105,397
105,398
106,396
106,397
106,398
106,399
107,397
107,398
107,399
107,400
108,398
108,399
108,400
109,398
109,399
109,400
106,400
106,401
107,401
107,402
108,401
108,402
108,403
109,401
109,402
109,403
110,402
110,403
107,403
107,404
108,404
108,405
109,404
109,405
109,406
110,404
110,405
110,406
107,405
107,406
107,407
108,406
108,407
108,408
109,407
109,408
106,407
106,408
106,409
107,408
107,409
107,410
108,409
105,408
105,409
105,410
106,410
106,411
103,410
103,411
103,412
104,409
104,410
104,411
104,412
104,413
105,411
105,412
102,411
102,412
102,413
103,413
103,414
104,414
104,415
101,414
101,415
101,416
102,414
102,415
102,416
102,417
103,415
103,416
103,417
103,418
100,417
100,418
100,419
101,417
101,418
101,419
101,420
102,418
102,419
102,420
102,421
103,419
100,420
101,421
98,420
98,421
98,422
99,419
99,420
99,421
99,422
99,423
100,421
100,422
100,423
100,424
101,422
98,423
99,424
96,423
96,424
96,425
97,422
97,423
97,424
97,425
97,426
98,424
98,425
98,426
98,427
99,425
99,426
99,427
96,426
96,427
96,428
97,427
97,428
97,429
98,428
98,429
95,425
95,426
95,427
95,424
95,423
96,422
97,421
94,420
94,421
94,422
95,419
95,420
95,421
95,422
96,418
96,419
96,420
96,421
97,418
97,419
97,420
98,418
98,419
95,418
96,417
97,416
97,417
98,416
98,417
99,416
99,417
99,418
98,415
99,415
100,415
100,416
97,415
98,414
99,413
99,414
100,413
100,414
101,413
98,412
98,413
99,411
99,412
100,410
100,411
100,412
101,410
101,411
101,412
102,410
99,409
99,410
100,408
100,409
101,407
101,408
101,409
102,407
102,408
102,409
103,407
103,408
103,409
104,408
102,406
103,405
103,406
104,405
104,406
104,407
105,405
105,406
105,407
106,406
104,404
105,403
105,404
106,403
106,404
106,405
103,404
104,403
105,402
106,402
103,401
103,402
103,403
104,400
104,401
104,402
105,399
105,400
105,401
102,400
102,401
102,402
103,399
103,400
104,398
104,399
101,398
101,399
101,400
102,397
102,398
102,399
103,396
103,397
103,398
104,396
104,397
101,396
101,397
102,395
102,396
103,394
103,395
104,394
104,395
105,394
105,395
102,394
103,393
104,392
104,393
105,392
105,393
106,392
103,391
103,392
104,390
104,391
105,389
105,390
105,391
106,389
106,390
106,391
107,390
107,391
106,388
103,387
103,388
103,389
104,386
104,387
104,388
104,389
105,385
105,386
105,387
105,388
106,387
103,386
104,385
105,384
102,383
102,384
102,385
103,382
103,383
103,384
103,385
104,381
104,382
104,383
104,384
105,381
105,382
105,383
102,382
103,381
104,380
105,380
106,380
103,379
103,380
104,378
104,379
105,377
105,378
105,379
106,377
106,378
106,379
103,378
104,377
105,376
106,376
103,375
103,376
103,377
104,374
104,375
104,376
105,373
105,374
105,375
106,373
106,374
106,375
103,374
104,373
105,372
106,372
103,371
103,372
103,373
104,370
104,371
104,372
105,369
105,370
105,371
106,369
106,370
106,371
107,369
107,370
104,369
105,368
106,367
106,368
107,367
107,368
108,367
108,368
108,369
107,366
108,366
105,365
105,366
105,367
106,364
106,365
106,366
107,363
107,364
107,365
108,363
108,364
108,365
109,363
109,364
106,363
107,362
108,361
108,362
109,362
106,361
106,362
107,360
107,361
108,359
108,360
105,359
105,360
105,361
106,358
106,359
106,360
107,357
107,358
107,359
108,357
108,358
109,357
109,358
104,360
104,361
104,362
105,362
105,363
102,362
102,363
102,364
103,361
103,362
103,363
103,364
103,365
104,363
104,364
104,365
104,366
105,364
102,365
103,366
104,367
101,366
101,367
101,368
102,366
102,367
102,368
102,369
103,367
103,368
103,369
103,370
104,368
101,369
102,370
99,369
99,370
99,371
100,368
100,369
100,370
100,371
100,372
101,370
101,371
101,372
101,373
102,371
102,372
102,373
99,372
99,373
99,374
100,373
100,374
100,375
101,374
101,375
101,376
102,374
102,375
102,376
99,375
99,376
99,377
100,376
100,377
100,378
101,377
101,378
101,379
102,377
102,378
102,379
99,378
99,379
99,380
100,379
100,380
100,381
101,380
101,381
101,382
102,380
102,381
99,381
99,382
100,382
100,383
101,383
101,384
98,383
98,384
98,385
99,383
99,384
99,385
99,386
100,384
100,385
100,386
100,387
101,385
101,386
101,387
102,386
102,387
99,387
99,388
100,388
100,389
101,388
101,389
101,390
102,388
102,389
102,390
103,390
100,390
100,391
101,391
101,392
102,391
102,392
102,393
99,392
99,393
99,394
100,392
100,393
100,394
100,395
101,393
101,394
101,395
98,394
98,395
98,396
99,395
99,396
99,397
100,396
100,397
100,398
97,397
97,398
97,399
98,397
98,398
98,399
98,400
99,398
99,399
99,400
99,401
100,399
100,400
100,401
101,401
98,401
98,402
99,402
99,403
100,402
100,403
100,404
101,402
101,403
101,404
102,403
102,404
99,404
99,405
100,405
100,406
101,405
101,406
102,405
99,406
100,407
97,406
97,407
97,408
98,405
98,406
98,407
98,408
98,409
99,407
99,408
96,407
96,408
96,409
97,409
97,410
98,410
98,411
95,410
95,411
95,412
96,410
96,411
96,412
96,413
97,411
97,412
97,413
97,414
94,413
94,414
94,415
95,413
95,414
95,415
95,416
96,414
96,415
96,416
93,415
93,416
93,417
94,416
94,417
94,418
95,417
92,416
92,417
92,418
93,418
93,419
94,419
91,417
91,418
91,419
92,419
92,420
93,420
93,421
91,416
92,415
93,414
90,413
90,414
90,415
91,412
91,413
91,414
91,415
92,411
92,412
92,413
92,414
93,411
93,412
93,413
94,411
94,412
91,411
92,410
93,409
93,410
94,409
94,410
95,409
92,408
92,409
93,407
93,408
94,406
94,407
94,408
95,406
95,407
95,408
96,406
93,405
93,406
94,404
94,405
95,403
95,404
95,405
96,403
96,404
96,405
97,403
97,404
97,405
98,404
96,402
97,401
97,402
98,403
95,402
96,401
97,400
94,399
94,400
94,401
95,398
95,399
95,400
95,401
96,397
96,398
96,399
96,400
93,399
93,400
93,401
94,398
94,402
95,397
92,396
92,397
92,398
93,395
93,396
93,397
93,398
94,394
94,395
94,396
94,397
95,394
95,395
95,396
96,394
96,395
96,396
97,395
97,396
96,393
97,393
97,394
98,393
95,392
95,393
96,391
96,392
97,390
97,391
97,392
98,390
98,391
98,392
99,390
99,391
96,390
97,389
98,388
98,389
99,389
96,388
96,389
97,387
97,388
98,386
98,387
95,386
95,387
95,388
96,385
96,386
96,387
97,384
97,385
97,386
94,385
94,386
94,387
95,384
95,385
96,383
96,384
97,383
94,382
94,383
94,384
95,381
95,382
95,383
96,380
96,381
96,382
97,380
97,381
97,382
98,380
98,381
98,382
97,379
98,379
95,378
95,379
95,380
96,377
96,378
96,379
97,376
97,377
97,378
98,376
98,377
98,378
95,377
96,376
97,375
98,375
95,374
95,375
95,376
96,373
96,374
96,375
97,372
97,373
97,374
98,372
98,373
98,374
95,373
96,372
97,371
98,371
95,370
95,371
95,372
96,369
96,370
96,371
97,368
97,369
97,370
98,368
98,369
98,370
99,368
96,367
96,368
97,366
97,367
98,365
98,366
98,367
99,365
99,366
99,367
100,365
100,366
100,367
99,364
100,364
101,364
101,365
98,364
99,363
100,362
100,363
101,362
101,363
97,365
97,364
98,363
99,362
96,366
96,365
95,366
95,367
95,368
95,369
94,369
94,370
94,371
94,368
94,367
93,370
93,371
93,372
94,372
94,373
91,372
91,373
91,374
92,371
92,372
92,373
92,374
92,375
93,373
93,374
93,375
93,376
94,374
94,375
94,376
91,375
91,376
91,377
92,376
92,377
92,378
93,377
93,378
93,379
94,377
94,378
94,379
91,378
91,379
91,380
92,379
92,380
92,381
93,380
93,381
93,382
94,380
94,381
91,381
91,382
92,382
92,383
93,383
93,384
90,383
90,384
90,385
91,383
91,384
91,385
91,386
92,384
92,385
92,386
92,387
93,385
93,386
93,387
90,386
90,387
90,388
91,387
91,388
91,389
92,388
92,389
92,390
93,388
93,389
93,390
94,388
94,389
94,390
95,389
93,391
94,391
94,392
95,390
95,391
92,391
92,392
93,392
93,393
94,393
91,392
91,393
91,394
92,393
92,394
92,395
93,394
90,393
90,394
90,395
91,395
91,396
88,395
88,396
88,397
89,394
89,395
89,396
89,397
89,398
90,396
90,397
90,398
90,399
91,397
91,398
91,399
92,399
89,399
89,400
90,400
90,401
91,400
91,401
91,402
92,400
92,401
92,402
93,402
90,402
90,403
91,403
91,404
92,403
92,404
92,405
93,403
93,404
94,403
90,404
90,405
91,405
91,406
92,406
92,407
89,406
89,407
89,408
90,406
90,407
90,408
90,409
91,407
91,408
91,409
91,410
88,409
88,410
88,411
89,409
89,410
89,411
89,412
90,410
90,411
90,412
88,408
88,407
88,406
89,405
86,404
86,405
86,406
87,403
87,404
87,405
87,406
87,407
88,402
88,403
88,404
88,405
89,402
89,403
89,404
86,403
87,402
88,401
89,401
86,400
86,401
86,402
87,399
87,400
87,401
88,398
88,399
88,400
85,399
85,400
85,401
86,398
86,399
87,397
87,398
84,397
84,398
84,399
85,396
85,397
85,398
86,395
86,396
86,397
87,395
87,396
84,395
84,396
85,394
85,395
86,393
86,394
87,393
87,394
88,393
88,394
85,393
86,392
87,391
87,392
88,391
88,392
89,391
89,392
89,393
90,392
88,390
89,389
89,390
90,389
90,390
90,391
91,390
91,391
88,389
89,388
86,387
86,388
86,389
87,386
87,387
87,388
87,389
87,390
88,385
88,386
88,387
88,388
89,385
89,386
89,387
86,386
87,385
88,384
89,384
86,383
86,384
86,385
87,382
87,383
87,384
88,381
88,382
88,383
89,381
89,382
89,383
90,381
90,382
87,381
88,380
89,379
89,380
90,379
90,380
87,379
87,380
88,378
88,379
89,377
89,378
90,377
90,378
87,378
88,377
89,376
90,376
86,382
86,381
86,380
85,382
85,383
85,384
85,385
85,387
85,388
85,389
86,390
85,386
84,389
84,390
84,391
85,390
85,391
85,392
86,391
84,388
84,387
84,392
84,393
84,394
83,393
83,394
83,395
83,392
83,396
83,397
83,398
84,400
84,401
84,402
85,402
85,403
84,403
85,404
85,405
87,408
87,409
87,410
86,407
86,408
90,375
89,375
90,374
88,376
90,373
90,372
91,371
92,370
89,374
93,369
93,368
92,369
88,412
89,413
89,414
90,416
90,417
102,361
103,360
101,361
102,360
104,359
103,359
105,358
106,357
93,422
94,423
92,421
93,423
94,424
94,425
109,356
108,356
110,355
96,429
97,430
97,431
105,439
106,440
113,442
114,442
113,443
114,443
115,443
112,443
121,444
122,444
123,444
130,442
134,440
140,438
141,438
147,435
150,433
160,395
160,394
159,392
156,387
157,388
153,382
153,381
152,379
153,380
152,378
151,376
146,369
147,370
148,371
145,368
144,367
142,365
143,366
135,358
132,357
133,357
134,357
130,356
131,356
132,356
129,356
128,355
129,355
130,355
127,355
126,355
126,354
127,354
128,354
125,354
124,354
123,354
121,353
122,353
123,353
120,353
DIFFERENCE
10,441
10,442
10,443
11,440
11,441
11,442
11,443
11,444
12,439
12,440
12,441
12,442
12,443
12,444
12,445
13,439
13,440
13,441
13,443
13,444
13,445
14,439
14,440
14,441
14,442
14,443
14,444
14,445
15,440
15,441
15,442
15,443
15,444
16,441
16,442
16,443
DIFFERENCE
26,442
26,443
26,444
27,441
27,442
27,443
27,444
27,445
28,440
28,441
28,442
28,443
28,444
28,445
28,446
29,440
29,441
29,442
29,444
29,445
29,446
30,440
30,441
30,442
30,443
30,444
30,445
30,446
31,441
31,442
31,443
31,444
31,445
32,442
32,443
32,444
DIFFERENCE
16,453
16,454
16,455
17,452
17,453
17,454
17,455
17,456
18,451
18,452
18,453
18,454
18,455
18,456
18,457
19,451
19,452
19,453
19,455
19,456
19,457
20,451
20,452
20,453
20,454
20,455
20,456
20,457
21,452
21,453
21,454
21,455
21,456
22,453
22,454
22,455
DIFFERENCE
32,453
32,454
32,455
33,452
33,453
33,454
33,455
33,456
34,451
34,452
34,453
34,454
34,455
34,456
34,457
35,451
35,452
35,453
35,455
35,456
35,457
36,451
36,452
36,453
36,454
36,455
36,456
36,457
37,452
37,453
37,454
37,455
37,456
38,453
38,454
38,455
DIFFERENCE
9,465
9,466
9,467
10,464
10,465
10,466
10,467
10,468
11,463
11,464
11,465
11,466
11,467
11,468
11,469
12,463
12,464
12,465
12,467
12,468
12,469
13,463
13,464
13,465
13,466
13,467
13,468
13,469
14,464
14,465
14,466
14,467
14,468
15,465
15,466
15,467
DIFFERENCE
24,465
24,466
24,467
25,464
25,465
25,466
25,467
25,468
26,463
26,464
26,465
26,466
26,467
26,468
26,469
27,463
27,464
27,465
27,467
27,468
27,469
28,463
28,464
28,465
28,466
28,467
28,468
28,469
29,464
29,465
29,466
29,467
29,468
30,465
30,466
30,467
DIFFERENCE
38,465
38,466
38,467
39,464
39,465
39,466
39,467
39,468
40,463
40,464
40,465
40,466
40,467
40,468
40,469
41,463
41,464
41,465
41,467
41,468
41,469
42,463
42,464
42,465
42,466
42,467
42,468
42,469
43,464
43,465
43,466
43,467
43,468
44,465
44,466
44,467
