DIFFERENCE
297,389
297,388
297,387
298,390
298,389
298,388
298,387
298,386
299,391
299,390
299,389
299,388
299,387
299,386
299,385
300,391
300,390
300,389
300,387
300,386
300,385
301,391
301,390
301,389
301,388
301,387
301,386
301,385
302,390
302,389
302,388
302,387
302,386
303,389
303,388
303,387
300,384
301,384
301,383
302,385
302,384
302,383
303,386
303,385
303,384
303,383
304,388
304,387
304,386
304,385
304,384
305,387
305,386
305,385
302,382
303,382
303,381
304,383
304,382
304,381
305,384
305,383
305,382
305,381
306,386
306,385
306,384
306,383
306,382
307,385
307,384
307,383
304,380
305,380
305,379
306,381
306,380
306,379
307,382
307,381
307,380
307,379
308,384
308,383
308,382
308,381
308,380
309,383
309,382
309,381
304,379
305,378
306,378
306,377
307,378
307,377
308,379
308,378
308,377
309,380
309,379
309,378
310,381
310,380
310,379
302,379
302,378
302,377
303,380
303,379
303,378
303,377
303,376
304,378
304,377
304,376
304,375
305,377
305,376
305,375
306,376
306,375
307,376
301,378
301,377
301,376
302,376
302,375
303,375
303,374
304,374
305,374
299,376
299,375
299,374
300,377
300,376
300,375
300,374
300,373
301,375
301,374
301,373
301,372
302,374
302,373
302,372
303,373
303,372
304,373
298,375
298,374
298,373
299,373
299,372
300,372
300,371
301,371
302,371
296,374
296,373
296,372
297,375
297,374
297,373
297,372
297,371
298,376
298,372
298,371
298,370
299,371
299,370
300,370
295,377
295,376
295,375
296,378
296,377
296,376
296,375
297,379
297,378
297,377
297,376
298,379
298,378
298,377
299,379
299,378
299,377
300,378
298,380
299,381
299,380
300,381
300,380
300,379
301,381
301,380
301,379
302,380
300,382
301,382
302,381
299,382
300,383
297,384
297,383
297,382
298,385
298,384
298,383
298,382
298,381
299,384
299,383
296,384
296,383
296,382
297,385
297,381
294,382
294,381
294,380
295,383
295,382
295,381
295,380
295,379
296,381
296,380
296,379
297,380
294,379
295,378
292,379
292,378
292,377
293,380
293,379
293,378
293,377
293,376
294,378
294,377
294,376
294,375
291,377
291,376
291,375
292,376
292,375
292,374
293,375
293,374
293,373
294,374
294,373
295,374
295,373
291,378
291,379
292,380
293,381
290,382
290,381
290,380
291,383
291,382
291,381
291,380
292,384
292,383
292,382
292,381
293,384
293,383
293,382
294,384
294,383
291,384
292,385
293,386
293,385
294,386
294,385
295,386
295,385
295,384
296,385
294,387
295,388
295,387
296,388
296,387
296,386
297,386
296,389
290,383
289,382
289,381
289,380
290,379
289,379
290,378
288,380
288,379
288,378
289,378
289,377
290,377
290,376
295,372
294,372
296,371
295,371
297,370
301,370
310,382
308,385
309,384
310,383
307,386
306,387
305,388
304,389
303,390
302,391
297,390
DIFFERENCE
293,366
293,365
293,364
294,367
294,366
294,365
294,364
294,363
295,368
295,367
295,366
295,365
295,364
295,363
295,362
296,368
296,367
296,366
296,364
296,363
296,362
297,368
297,367
297,366
297,365
297,364
297,363
297,362
298,367
298,366
298,365
298,364
298,363
299,366
299,365
299,364
298,362
298,361
299,367
299,363
299,362
299,361
300,367
300,366
300,365
300,364
300,363
300,362
300,361
301,366
301,365
301,364
301,363
301,362
302,365
302,364
302,363
299,360
300,360
300,359
301,361
301,360
301,359
302,362
302,361
302,360
302,359
303,364
303,363
303,362
303,361
303,360
304,363
304,362
304,361
301,358
302,358
302,357
303,359
303,358
303,357
304,360
304,359
304,358
304,357
305,362
305,361
305,360
305,359
305,358
306,361
306,360
306,359
300,358
300,357
301,357
301,356
302,356
302,355
303,356
303,355
304,356
304,355
305,357
305,356
306,358
306,357
297,359
297,358
297,357
298,360
298,359
298,358
298,357
298,356
299,359
299,358
299,357
299,356
299,355
300,356
300,355
301,355
296,359
296,358
296,357
297,360
297,356
298,355
294,361
294,360
294,359
295,361
295,360
295,359
295,358
296,361
296,360
297,361
294,362
293,362
293,361
293,360
303,365
304,364
305,363
302,366
301,367
298,368
299,368
293,363
292,363
292,362
292,361
292,364
292,365
DIFFERENCE
274,346
274,345
274,344
275,347
275,346
275,345
275,344
275,343
276,348
276,347
276,346
276,345
276,344
276,343
276,342
277,348
277,347
277,346
277,344
277,343
277,342
278,348
278,347
278,346
278,345
278,344
278,343
278,342
279,347
279,346
279,345
279,344
279,343
280,346
280,345
280,344
279,342
279,341
280,347
280,343
280,342
280,341
281,347
281,346
281,345
281,344
281,343
281,342
281,341
282,346
282,345
282,344
282,343
282,342
283,345
283,344
283,343
282,341
282,340
283,346
283,342
283,341
283,340
284,346
284,345
284,344
284,343
284,342
284,341
284,340
285,345
285,344
285,343
285,342
285,341
286,344
286,343
286,342
285,340
285,339
286,345
286,341
286,340
286,339
287,345
287,344
287,343
287,342
287,341
287,340
287,339
288,344
288,343
288,342
288,341
288,340
289,343
289,342
289,341
284,339
284,338
285,338
285,337
286,338
286,337
286,336
287,338
287,337
287,336
288,339
288,338
288,337
288,336
289,340
289,339
289,338
289,337
290,340
290,339
290,338
284,337
284,336
284,335
285,336
285,335
285,334
286,335
286,334
286,333
287,335
287,334
287,333
288,335
288,334
288,333
289,336
289,335
289,334
290,337
290,336
290,335
284,334
285,333
286,332
287,332
288,332
289,333
290,334
283,333
283,332
283,331
284,333
284,332
284,331
284,330
285,332
285,331
285,330
285,329
286,331
286,330
286,329
287,331
287,330
287,329
288,331
288,330
289,332
289,331
282,332
282,331
282,330
283,330
283,329
284,329
284,328
285,328
286,328
279,333
279,332
279,331
280,334
280,333
280,332
280,331
280,330
281,335
281,334
281,333
281,332
281,331
281,330
281,329
282,335
282,334
282,333
282,329
283,335
283,334
280,335
281,336
282,337
282,336
283,337
283,336
280,337
280,336
281,338
281,337
282,339
282,338
283,339
283,338
280,339
280,338
281,340
281,339
278,340
278,339
278,338
279,340
279,339
279,338
279,337
280,340
277,341
277,340
277,339
278,341
275,342
275,341
275,340
276,341
276,340
276,339
277,338
274,339
274,338
274,337
275,339
275,338
275,337
275,336
276,338
276,337
276,336
276,335
277,337
277,336
277,335
278,337
278,336
278,335
279,336
277,334
278,334
278,333
279,335
279,334
276,334
276,333
277,333
277,332
278,332
278,331
275,333
275,332
275,331
276,332
276,331
276,330
277,331
277,330
277,329
278,330
278,329
279,330
279,329
273,333
273,332
273,331
274,334
274,333
274,332
274,331
274,330
275,335
275,334
275,330
275,329
276,329
273,334
274,335
273,335
274,336
273,336
273,337
273,338
273,339
274,340
273,340
274,341
273,341
274,342
273,342
274,343
280,329
290,341
290,342
288,345
289,344
290,343
286,346
287,346
288,346
289,345
290,344
285,346
286,347
287,347
288,347
289,346
290,345
284,347
285,348
285,347
286,348
287,348
283,347
284,348
282,347
283,348
282,348
281,348
280,348
279,348
273,343
273,344
273,345
DIFFERENCE
331,338
331,337
331,336
332,339
332,338
332,337
332,336
332,335
333,340
333,339
333,338
333,337
333,336
333,335
333,334
334,340
334,339
334,338
334,336
334,335
334,334
335,340
335,339
335,338
335,337
335,336
335,335
335,334
336,339
336,338
336,337
336,336
336,335
337,338
337,337
337,336
334,333
335,333
335,332
336,334
336,333
336,332
337,335
337,334
337,333
337,332
338,337
338,336
338,335
338,334
338,333
339,336
339,335
339,334
336,331
337,331
337,330
338,332
338,331
338,330
339,333
339,332
339,331
339,330
340,335
340,334
340,333
340,332
340,331
341,334
341,333
341,332
338,329
339,329
339,328
340,330
340,329
340,328
341,331
341,330
341,329
341,328
342,333
342,332
342,331
342,330
342,329
343,332
343,331
343,330
340,327
341,327
341,326
342,328
342,327
342,326
343,329
343,328
343,327
343,326
344,331
344,330
344,329
344,328
344,327
345,330
345,329
345,328
342,325
343,325
343,324
344,326
344,325
344,324
345,327
345,326
345,325
345,324
346,329
346,328
346,327
346,326
346,325
347,328
347,327
347,326
344,323
345,323
345,322
346,324
346,323
346,322
347,325
347,324
347,323
347,322
348,327
348,326
348,325
348,324
348,323
349,326
349,325
349,324
346,321
347,321
347,320
348,322
348,321
348,320
349,323
349,322
349,321
349,320
350,325
350,324
350,323
350,322
350,321
351,324
351,323
351,322
348,319
349,319
349,318
350,320
350,319
350,318
351,321
351,320
351,319
351,318
352,323
352,322
352,321
352,320
352,319
353,322
353,321
353,320
350,317
351,317
351,316
352,318
352,317
352,316
353,319
353,318
353,317
353,316
354,321
354,320
354,319
354,318
354,317
355,320
355,319
355,318
352,315
353,315
353,314
354,316
354,315
354,314
355,317
355,316
355,315
355,314
356,319
356,318
356,317
356,316
356,315
357,318
357,317
357,316
352,314
352,313
353,313
353,312
354,313
354,312
354,311
355,313
355,312
355,311
356,314
356,313
356,312
356,311
357,315
357,314
357,313
357,312
358,315
358,314
358,313
355,310
356,310
357,311
357,310
358,312
358,311
359,314
359,313
359,312
358,316
359,315
352,312
353,311
354,310
349,313
349,312
349,311
350,314
350,313
350,312
350,311
350,310
351,315
351,314
351,313
351,312
351,311
351,310
351,309
352,311
352,310
352,309
353,310
353,309
348,312
348,311
348,310
349,310
349,309
350,309
350,308
351,308
352,308
346,311
346,310
346,309
347,312
347,311
347,310
347,309
347,308
348,313
348,309
348,308
348,307
349,308
349,307
350,307
345,314
345,313
345,312
346,315
346,314
346,313
346,312
347,316
347,315
347,314
347,313
348,316
348,315
348,314
349,316
349,315
349,314
350,315
348,317
349,317
350,316
347,317
348,318
345,319
345,318
345,317
346,320
346,319
346,318
346,317
346,316
347,319
347,318
344,319
344,318
344,317
345,320
345,316
342,317
342,316
342,315
343,318
343,317
343,316
343,315
343,314
344,316
344,315
344,314
344,313
345,315
342,314
343,313
344,312
341,313
341,312
341,311
342,313
342,312
342,311
342,310
343,312
343,311
343,310
343,309
344,311
344,310
344,309
345,311
345,310
345,309
342,309
342,308
343,308
343,307
344,308
344,307
344,306
345,308
345,307
345,306
346,308
346,307
346,306
347,307
341,309
341,308
341,307
342,307
342,306
343,306
343,305
344,305
345,305
339,308
339,307
339,306
340,309
340,308
340,307
340,306
340,305
341,310
341,306
341,305
341,304
342,305
342,304
343,304
338,311
338,310
338,309
339,312
339,311
339,310
339,309
340,313
340,312
340,311
340,310
337,311
337,310
337,309
338,312
338,308
339,313
336,314
336,313
336,312
337,315
337,314
337,313
337,312
338,316
338,315
338,314
338,313
339,316
339,315
339,314
340,316
340,315
340,314
341,315
341,314
340,317
341,317
341,316
338,317
339,318
339,317
340,319
340,318
341,319
341,318
342,319
342,318
339,319
340,320
341,321
341,320
342,321
342,320
343,321
343,320
343,319
344,320
342,322
343,323
343,322
344,322
344,321
345,321
341,322
342,323
339,324
339,323
339,322
340,325
340,324
340,323
340,322
340,321
341,325
341,324
341,323
342,324
339,325
340,326
337,327
337,326
337,325
338,328
338,327
338,326
338,325
338,324
339,327
339,326
336,327
336,326
336,325
337,328
337,324
338,323
335,324
335,323
335,322
336,324
336,323
336,322
336,321
337,323
337,322
337,321
337,320
338,322
338,321
338,320
339,321
339,320
336,320
336,319
337,319
337,318
338,319
338,318
335,319
335,318
335,317
336,318
336,317
336,316
337,317
337,316
334,317
334,316
334,315
335,316
335,315
335,314
336,315
333,316
333,315
333,314
334,314
334,313
335,313
335,312
332,313
332,312
332,311
333,313
333,312
333,311
333,310
334,312
334,311
334,310
334,309
335,311
335,310
335,309
336,311
336,310
336,309
333,309
333,308
334,308
334,307
335,308
335,307
335,306
336,308
336,307
336,306
337,308
337,307
337,306
338,307
336,305
337,305
337,304
338,306
338,305
338,304
339,305
339,304
335,305
335,304
336,304
336,303
337,303
337,302
338,303
338,302
339,303
339,302
340,304
340,303
332,305
332,304
332,303
333,306
333,305
333,304
333,303
333,302
334,306
334,305
334,304
334,303
334,302
334,301
335,303
335,302
335,301
336,302
336,301
331,305
331,304
331,303
332,306
332,302
333,307
333,301
330,308
330,307
330,306
331,309
331,308
331,307
331,306
332,310
332,309
332,308
332,307
329,308
329,307
329,306
330,309
330,305
331,310
328,311
328,310
328,309
329,312
329,311
329,310
329,309
330,313
330,312
330,311
330,310
331,313
331,312
331,311
328,312
329,313
330,314
331,314
332,314
329,315
329,314
330,316
330,315
331,317
331,316
331,315
332,317
332,316
332,315
333,317
330,318
330,317
331,319
331,318
332,320
332,319
332,318
333,320
333,319
333,318
334,320
334,319
334,318
333,321
334,321
335,321
335,320
332,321
333,322
334,323
334,322
331,323
331,322
331,321
332,324
332,323
332,322
333,325
333,324
333,323
334,325
334,324
335,325
332,326
332,325
333,327
333,326
334,328
334,327
334,326
335,328
335,327
335,326
336,328
333,329
333,328
334,330
334,329
335,331
335,330
335,329
336,330
336,329
337,329
333,330
334,331
331,332
331,331
331,330
332,333
332,332
332,331
332,330
332,329
333,333
333,332
333,331
334,332
331,333
332,334
330,332
330,331
330,330
331,329
332,328
329,329
329,328
329,327
330,329
330,328
330,327
330,326
331,328
331,327
331,326
331,325
332,327
329,326
330,325
331,324
328,325
328,324
328,323
329,325
329,324
329,323
329,322
330,324
330,323
330,322
330,321
328,326
330,333
331,334
330,334
331,335
329,330
329,331
329,321
330,320
331,320
328,321
328,320
328,319
329,320
329,319
329,318
330,319
327,320
327,319
327,318
328,318
328,317
329,317
329,316
327,321
328,322
327,317
327,316
328,316
328,315
328,314
327,315
327,314
328,313
326,315
326,314
326,313
327,313
327,312
326,316
326,312
327,311
327,310
327,309
328,308
325,309
325,308
325,307
326,310
326,309
326,308
326,307
326,306
327,308
327,307
327,306
327,305
328,307
328,306
328,305
329,305
326,305
326,304
327,304
327,303
328,304
328,303
328,302
329,304
329,303
329,302
330,304
330,303
330,302
327,302
327,301
328,301
328,300
329,301
329,300
329,299
330,301
330,300
330,299
331,302
331,301
331,300
331,299
332,301
332,300
332,299
333,300
326,302
326,301
326,300
327,300
327,299
328,299
328,298
329,298
330,298
325,302
325,301
325,300
326,303
326,299
327,298
324,302
324,301
324,300
325,303
325,299
326,298
324,303
325,304
325,305
324,304
324,305
325,306
324,306
326,311
325,310
325,311
334,300
341,303
347,306
348,306
354,309
355,309
330,335
330,336
DIFFERENCE
492,219
492,218
492,217
493,220
493,219
493,218
493,217
493,216
494,221
494,220
494,219
494,218
494,217
494,216
494,215
495,221
495,220
495,219
495,217
495,216
495,215
496,221
496,220
496,219
496,218
496,217
496,216
496,215
497,220
497,219
497,218
497,217
497,216
498,219
498,218
498,217
495,214
496,214
496,213
497,215
497,214
497,213
498,216
498,215
498,214
498,213
499,218
499,217
499,216
499,215
499,214
500,217
500,216
500,215
499,213
499,212
500,218
500,214
500,213
500,212
501,218
501,217
501,216
501,215
501,214
501,213
501,212
502,217
502,216
502,215
502,214
502,213
503,216
503,215
503,214
502,212
502,211
503,217
503,213
503,212
503,211
504,217
504,216
504,215
504,214
504,213
504,212
504,211
505,216
505,215
505,214
505,213
505,212
506,215
506,214
506,213
505,211
505,210
506,216
506,212
506,211
506,210
507,216
507,215
507,214
507,213
507,212
507,211
507,210
508,215
508,214
508,213
508,212
508,211
509,214
509,213
509,212
508,210
508,209
509,215
509,211
509,210
509,209
510,215
510,214
510,213
510,212
510,211
510,210
510,209
511,214
511,213
511,212
511,211
511,210
512,213
512,212
512,211
509,208
510,208
510,207
511,209
511,208
511,207
512,210
512,209
512,208
512,207
513,212
513,211
513,210
513,209
513,208
514,211
514,210
514,209
513,207
513,206
514,212
514,208
514,207
514,206
515,212
515,211
515,210
515,209
515,208
515,207
515,206
516,211
516,210
516,209
516,208
516,207
517,210
517,209
517,208
516,206
516,205
517,211
517,207
517,206
517,205
518,211
518,210
518,209
518,208
518,207
518,206
518,205
519,210
519,209
519,208
519,207
519,206
520,209
520,208
520,207
519,205
519,204
520,210
520,206
520,205
520,204
521,210
521,209
521,208
521,207
521,206
521,205
521,204
522,209
522,208
522,207
522,206
522,205
523,208
523,207
523,206
518,204
519,203
520,203
521,203
522,204
523,205
515,205
515,204
515,203
516,204
516,203
516,202
517,204
517,203
517,202
517,201
518,203
518,202
518,201
519,202
519,201
520,202
514,204
514,203
514,202
515,202
515,201
516,201
516,200
517,200
518,200
512,202
512,201
512,200
513,203
513,202
513,201
513,200
513,199
514,201
514,200
514,199
514,198
515,200
515,199
515,198
516,199
516,198
517,199
511,200
511,199
511,198
512,199
512,198
512,197
513,198
513,197
513,196
514,197
514,196
515,197
515,196
516,197
517,198
510,199
510,198
510,197
511,197
511,196
512,196
512,195
513,195
514,195
508,197
508,196
508,195
509,198
509,197
509,196
509,195
509,194
510,196
510,195
510,194
510,193
511,195
511,194
511,193
512,194
512,193
513,194
507,196
507,195
507,194
508,194
508,193
509,193
509,192
510,192
511,192
505,194
505,193
505,192
506,195
506,194
506,193
506,192
506,191
507,193
507,192
507,191
507,190
508,192
508,191
508,190
509,191
509,190
510,191
504,193
504,192
504,191
505,191
505,190
506,190
506,189
507,189
508,189
502,191
502,190
502,189
503,192
503,191
503,190
503,189
503,188
504,190
504,189
504,188
504,187
505,189
505,188
505,187
506,188
506,187
507,188
501,189
501,188
501,187
502,188
502,187
502,186
503,187
503,186
503,185
504,186
504,185
505,186
505,185
506,186
507,187
501,190
501,191
502,192
503,193
500,194
500,193
500,192
501,195
501,194
501,193
501,192
502,196
502,195
502,194
502,193
503,196
503,195
503,194
504,196
504,195
504,194
505,195
503,197
504,198
504,197
505,198
505,197
505,196
506,198
506,197
506,196
507,197
505,199
506,200
506,199
507,200
507,199
507,198
508,200
508,199
508,198
509,199
507,201
508,202
508,201
509,202
509,201
509,200
510,202
510,201
510,200
511,201
509,203
510,204
510,203
511,204
511,203
511,202
512,204
512,203
509,204
510,205
511,206
511,205
512,206
512,205
513,205
513,204
514,205
510,206
507,207
507,206
507,205
508,208
508,207
508,206
508,205
508,204
509,207
509,206
509,205
506,206
506,205
506,204
507,204
507,203
508,203
505,204
505,203
505,202
506,203
506,202
506,201
507,202
504,203
504,202
504,201
505,201
505,200
502,201
502,200
502,199
503,202
503,201
503,200
503,199
503,198
504,200
504,199
501,200
501,199
501,198
502,198
502,197
499,198
499,197
499,196
500,199
500,198
500,197
500,196
500,195
501,197
501,196
498,197
498,196
498,195
499,195
499,194
496,195
496,194
496,193
497,196
497,195
497,194
497,193
497,192
498,194
498,193
498,192
498,191
499,193
499,192
499,191
500,191
496,192
497,191
498,190
499,190
500,190
495,195
495,194
495,193
496,196
497,197
494,198
494,197
494,196
495,199
495,198
495,197
495,196
496,200
496,199
496,198
496,197
497,200
497,199
497,198
498,200
498,199
498,198
499,199
497,201
498,202
498,201
499,202
499,201
499,200
500,202
500,201
500,200
501,201
499,203
500,204
500,203
501,204
501,203
501,202
502,204
502,203
502,202
503,203
501,205
502,206
502,205
503,206
503,205
503,204
504,206
504,205
504,204
505,205
503,207
504,208
504,207
505,208
505,207
505,206
506,208
506,207
503,208
504,209
505,209
506,209
507,209
507,208
504,210
501,211
501,210
501,209
502,210
502,209
502,208
503,210
503,209
500,210
500,209
500,208
501,208
501,207
502,207
499,208
499,207
499,206
500,207
500,206
500,205
501,206
498,207
498,206
498,205
499,205
499,204
496,205
496,204
496,203
497,206
497,205
497,204
497,203
497,202
498,204
498,203
495,204
495,203
495,202
496,202
496,201
493,202
493,201
493,200
494,203
494,202
494,201
494,200
494,199
495,201
495,200
492,201
492,200
492,199
493,199
493,198
492,202
493,203
494,204
495,205
492,206
492,205
492,204
493,207
493,206
493,205
493,204
494,208
494,207
494,206
494,205
495,208
495,207
495,206
496,208
496,207
496,206
497,207
495,209
496,210
496,209
497,210
497,209
497,208
498,210
498,209
498,208
499,209
497,211
498,212
498,211
499,211
499,210
500,211
497,212
494,213
494,212
494,211
495,213
495,212
495,211
495,210
496,212
496,211
493,212
493,211
493,210
494,210
494,209
493,213
494,214
491,215
491,214
491,213
492,216
492,215
492,214
492,213
492,212
493,215
493,214
492,211
492,210
492,209
493,209
493,208
491,212
491,211
492,208
492,207
492,203
493,197
493,196
494,195
492,198
492,197
492,196
493,195
494,194
500,189
499,189
500,188
519,211
516,212
517,212
513,213
514,213
515,213
512,214
505,217
502,218
503,218
499,219
500,219
498,220
491,216
491,217
491,218
DIFFERENCE
480,131
480,130
480,129
481,132
481,131
481,130
481,129
481,128
482,133
482,132
482,131
482,130
482,129
482,128
482,127
483,133
483,132
483,131
483,129
483,128
483,127
484,133
484,132
484,131
484,130
484,129
484,128
484,127
485,132
485,131
485,130
485,129
485,128
486,131
486,130
486,129
485,127
485,126
486,132
486,128
486,127
486,126
487,132
487,131
487,130
487,129
487,128
487,127
487,126
488,131
488,130
488,129
488,128
488,127
489,130
489,129
489,128
488,126
488,125
489,131
489,127
489,126
489,125
490,131
490,130
490,129
490,128
490,127
490,126
490,125
491,130
491,129
491,128
491,127
491,126
492,129
492,128
492,127
489,124
490,124
490,123
491,125
491,124
491,123
492,126
492,125
492,124
492,123
493,128
493,127
493,126
493,125
493,124
494,127
494,126
494,125
489,123
489,122
490,122
490,121
491,122
491,121
491,120
492,122
492,121
492,120
493,123
493,122
493,121
493,120
494,124
494,123
494,122
494,121
495,124
495,123
495,122
489,121
489,120
490,120
490,119
491,119
491,118
492,119
492,118
493,119
493,118
494,120
494,119
495,121
495,120
488,119
488,118
488,117
489,119
489,118
489,117
489,116
490,118
490,117
490,116
490,115
491,117
491,116
491,115
492,117
492,116
492,115
493,117
493,116
494,118
494,117
487,117
487,116
487,115
488,116
488,115
488,114
489,115
489,114
489,113
490,114
490,113
491,114
491,113
492,114
493,115
486,116
486,115
486,114
487,114
487,113
488,113
488,112
489,112
490,112
485,114
485,113
485,112
486,113
486,112
486,111
487,112
487,111
487,110
488,111
488,110
489,111
489,110
490,111
491,112
484,113
484,112
484,111
485,111
485,110
486,110
486,109
487,109
488,109
482,111
482,110
482,109
483,112
483,111
483,110
483,109
483,108
484,110
484,109
484,108
484,107
485,109
485,108
485,107
486,108
486,107
487,108
481,109
481,108
481,107
482,108
482,107
482,106
483,107
483,106
483,105
484,106
484,105
485,106
485,105
486,106
487,107
480,108
480,107
480,106
481,106
481,105
482,105
482,104
483,104
484,104
478,107
478,106
478,105
479,108
479,107
479,106
479,105
479,104
480,109
480,105
480,104
480,103
481,104
481,103
482,103
477,106
477,105
477,104
478,104
478,103
479,103
479,102
480,102
481,102
475,104
475,103
475,102
476,105
476,104
476,103
476,102
476,101
477,103
477,102
477,101
477,100
478,102
478,101
478,100
479,101
479,100
480,101
474,103
474,102
474,101
475,101
475,100
476,100
476,99
477,99
478,99
472,101
472,100
472,99
473,102
473,101
473,100
473,99
473,98
474,100
474,99
474,98
474,97
475,99
475,98
475,97
476,98
476,97
477,98
471,101
471,100
471,99
472,102
472,98
473,103
473,97
470,104
470,103
470,102
471,105
471,104
471,103
471,102
472,106
472,105
472,104
472,103
473,106
473,105
473,104
474,106
474,105
474,104
475,105
473,107
474,108
474,107
475,108
475,107
475,106
476,108
476,107
476,106
477,107
475,109
476,110
476,109
477,110
477,109
477,108
478,110
478,109
478,108
479,109
477,111
478,112
478,111
479,112
479,111
479,110
480,112
480,111
480,110
481,111
481,110
480,113
481,113
481,112
482,113
482,112
479,113
480,114
481,115
481,114
482,115
482,114
483,115
483,114
483,113
484,114
482,116
483,117
483,116
484,117
484,116
484,115
485,117
485,116
485,115
484,118
485,118
486,118
486,117
483,118
484,119
485,120
485,119
486,120
486,119
487,120
487,119
487,118
486,121
487,121
488,121
488,120
485,121
486,122
487,123
487,122
488,123
488,122
485,123
485,122
486,124
486,123
487,125
487,124
488,124
485,125
485,124
486,125
483,126
483,125
483,124
484,126
484,125
484,124
484,123
481,124
481,123
481,122
482,125
482,124
482,123
482,122
482,121
483,123
483,122
483,121
483,120
484,122
484,121
484,120
481,121
481,120
481,119
482,120
482,119
482,118
483,119
480,120
480,119
480,118
481,118
481,117
482,117
479,118
479,117
479,116
480,117
480,116
480,115
481,116
478,117
478,116
478,115
479,115
479,114
476,115
476,114
476,113
477,116
477,115
477,114
477,113
477,112
478,114
478,113
475,114
475,113
475,112
476,112
476,111
473,112
473,111
473,110
474,113
474,112
474,111
474,110
474,109
475,111
475,110
472,111
472,110
472,109
473,109
473,108
470,109
470,108
470,107
471,110
471,109
471,108
471,107
471,106
472,108
472,107
469,108
469,107
469,106
470,106
470,105
467,106
467,105
467,104
468,107
468,106
468,105
468,104
468,103
469,105
469,104
469,103
469,102
466,103
466,102
466,101
467,103
467,102
467,101
467,100
468,102
468,101
468,100
468,99
469,101
469,100
469,99
470,101
470,100
470,99
467,99
467,98
468,98
468,97
469,98
469,97
469,96
470,98
470,97
470,96
471,98
471,97
471,96
472,97
470,95
471,95
472,96
472,95
473,96
467,97
467,96
468,96
468,95
469,95
469,94
470,94
471,94
465,97
465,96
465,95
466,98
466,97
466,96
466,95
466,94
467,95
467,94
467,93
468,94
468,93
469,93
464,96
464,95
464,94
465,94
465,93
466,93
466,92
467,92
468,92
462,95
462,94
462,93
463,96
463,95
463,94
463,93
463,92
464,97
464,93
464,92
464,91
465,92
465,91
466,91
461,98
461,97
461,96
462,99
462,98
462,97
462,96
463,100
463,99
463,98
463,97
464,100
464,99
464,98
465,100
465,99
465,98
466,99
464,101
465,102
465,101
466,100
463,101
464,102
465,103
462,104
462,103
462,102
463,105
463,104
463,103
463,102
464,106
464,105
464,104
464,103
465,106
465,105
465,104
466,106
466,105
466,104
465,107
466,107
467,107
464,108
464,107
465,109
465,108
466,110
466,109
466,108
467,110
467,109
467,108
468,110
468,109
468,108
469,109
467,111
468,112
468,111
469,112
469,111
469,110
470,112
470,111
470,110
471,111
469,113
470,114
470,113
471,114
471,113
471,112
472,114
472,113
472,112
473,113
471,115
472,116
472,115
473,116
473,115
473,114
474,116
474,115
474,114
475,115
473,117
474,118
474,117
475,118
475,117
475,116
476,118
476,117
476,116
477,117
475,119
476,120
476,119
477,120
477,119
477,118
478,120
478,119
478,118
479,119
477,121
478,122
478,121
479,122
479,121
479,120
480,122
480,121
477,122
478,123
479,124
479,123
480,124
480,123
477,124
477,123
478,125
478,124
479,126
479,125
480,126
480,125
481,126
481,125
478,126
479,127
480,128
480,127
481,127
482,126
478,128
478,127
479,129
479,128
476,129
476,128
476,127
477,130
477,129
477,128
477,127
477,126
478,131
478,130
478,129
479,131
479,130
475,130
475,129
475,128
476,131
476,130
477,132
477,131
478,132
479,132
472,129
472,128
472,127
473,130
473,129
473,128
473,127
473,126
474,131
474,130
474,129
474,128
474,127
474,126
474,125
475,131
475,127
475,126
475,125
476,126
476,125
473,125
473,124
474,124
474,123
475,124
475,123
475,122
476,124
476,123
476,122
477,125
473,123
473,122
473,121
474,122
474,121
474,120
475,121
475,120
476,121
473,120
474,119
471,120
471,119
471,118
472,121
472,120
472,119
472,118
472,117
473,119
473,118
470,119
470,118
470,117
471,117
471,116
468,117
468,116
468,115
469,118
469,117
469,116
469,115
469,114
470,116
470,115
467,116
467,115
467,114
468,114
468,113
465,114
465,113
465,112
466,115
466,114
466,113
466,112
466,111
467,113
467,112
464,113
464,112
464,111
465,111
465,110
462,111
462,110
462,109
463,112
463,111
463,110
463,109
463,108
464,110
464,109
461,110
461,109
461,108
462,108
462,107
463,107
463,106
460,107
460,106
460,105
461,107
461,106
461,105
461,104
462,106
462,105
459,106
459,105
459,104
460,104
460,103
461,103
461,102
458,103
458,102
458,101
459,103
459,102
459,101
459,100
460,102
460,101
460,100
460,99
461,101
461,100
461,99
462,101
462,100
459,99
460,98
457,99
457,98
457,97
458,100
458,99
458,98
458,97
458,96
459,98
459,97
459,96
459,95
460,97
460,96
460,95
461,95
458,95
458,94
459,94
459,93
460,94
460,93
460,92
461,94
461,93
461,92
462,92
459,92
459,91
460,91
460,90
461,91
461,90
461,89
462,91
462,90
462,89
463,91
463,90
463,89
464,90
457,92
457,91
457,90
458,93
458,92
458,91
458,90
458,89
459,90
459,89
459,88
460,89
460,88
461,88
455,92
455,91
455,90
456,93
456,92
456,91
456,90
456,89
457,94
457,93
457,89
457,88
458,88
454,94
454,93
454,92
455,95
455,94
455,93
456,96
456,95
456,94
457,96
457,95
454,96
454,95
455,97
455,96
456,98
456,97
453,98
453,97
453,96
454,99
454,98
454,97
455,100
455,99
455,98
456,100
456,99
457,100
454,101
454,100
455,102
455,101
456,103
456,102
456,101
457,103
457,102
457,101
454,102
455,103
456,104
457,104
458,104
455,105
455,104
456,106
456,105
457,107
457,106
457,105
458,107
458,106
458,105
459,107
456,108
456,107
457,109
457,108
458,110
458,109
458,108
459,110
459,109
459,108
460,110
460,109
460,108
459,111
460,111
461,111
458,112
458,111
459,113
459,112
460,114
460,113
460,112
461,114
461,113
461,112
462,114
462,113
462,112
463,113
461,115
462,116
462,115
463,116
463,115
463,114
464,116
464,115
464,114
465,115
463,117
464,118
464,117
465,118
465,117
465,116
466,118
466,117
466,116
467,117
465,119
466,120
466,119
467,120
467,119
467,118
468,120
468,119
468,118
469,119
467,121
468,122
468,121
469,122
469,121
469,120
470,122
470,121
470,120
471,121
469,123
470,124
470,123
471,124
471,123
471,122
472,124
472,123
472,122
471,125
472,125
469,126
469,125
469,124
470,127
470,126
470,125
471,128
471,127
471,126
472,126
469,127
470,128
471,129
468,127
468,126
468,125
469,128
470,129
465,126
465,125
465,124
466,127
466,126
466,125
466,124
466,123
467,128
467,127
467,126
467,125
467,124
467,123
467,122
468,128
468,124
468,123
465,123
465,122
466,122
466,121
463,122
463,121
463,120
464,123
464,122
464,121
464,120
464,119
465,121
465,120
462,121
462,120
462,119
463,119
463,118
460,119
460,118
460,117
461,120
461,119
461,118
461,117
461,116
462,118
462,117
459,118
459,117
459,116
460,116
460,115
457,116
457,115
457,114
458,117
458,116
458,115
458,114
458,113
459,115
459,114
456,115
456,114
456,113
457,113
457,112
454,113
454,112
454,111
455,114
455,113
455,112
455,111
455,110
456,112
456,111
456,110
456,109
457,111
457,110
454,110
454,109
455,109
455,108
452,109
452,108
452,107
453,110
453,109
453,108
453,107
453,106
454,108
454,107
454,106
454,105
455,107
455,106
452,106
452,105
453,105
453,104
454,104
454,103
451,104
451,103
451,102
452,104
452,103
452,102
452,101
453,103
453,102
453,101
453,100
450,101
450,100
450,99
451,101
451,100
451,99
451,98
452,100
452,99
452,98
452,97
453,99
450,98
451,97
452,96
449,97
449,96
449,95
450,97
450,96
450,95
450,94
451,96
451,95
451,94
451,93
452,95
452,94
452,93
453,95
453,94
453,93
450,93
450,92
451,92
451,91
452,92
452,91
452,90
453,92
453,91
453,90
454,91
454,90
451,90
451,89
452,89
452,88
453,89
453,88
453,87
454,89
454,88
454,87
455,89
455,88
455,87
456,88
451,88
452,87
453,86
454,86
455,86
456,87
448,89
448,88
448,87
449,90
449,89
449,88
449,87
449,86
450,91
450,90
450,89
450,88
450,87
450,86
450,85
451,87
451,86
451,85
452,86
452,85
447,89
447,88
447,87
448,90
448,86
449,91
449,85
446,92
446,91
446,90
447,93
447,92
447,91
447,90
448,94
448,93
448,92
448,91
449,94
449,93
449,92
446,93
447,94
448,95
445,96
445,95
445,94
446,97
446,96
446,95
446,94
447,98
447,97
447,96
447,95
448,98
448,97
448,96
449,98
446,99
446,98
447,100
447,99
448,101
448,100
448,99
449,101
449,100
449,99
446,100
447,101
448,102
449,102
450,102
447,103
447,102
448,104
448,103
449,105
449,104
449,103
450,105
450,104
450,103
451,105
448,106
448,105
449,107
449,106
450,108
450,107
450,106
451,108
451,107
451,106
448,107
449,108
450,109
451,109
448,110
448,109
448,108
449,111
449,110
449,109
450,112
450,111
450,110
451,112
451,111
451,110
452,112
452,111
452,110
453,111
451,113
452,114
452,113
453,114
453,113
453,112
454,114
451,115
451,114
452,116
452,115
453,117
453,116
453,115
454,117
454,116
454,115
455,117
455,116
455,115
456,116
454,118
455,119
455,118
456,119
456,118
456,117
457,119
457,118
457,117
458,118
456,120
457,121
457,120
458,121
458,120
458,119
459,121
459,120
459,119
460,120
458,122
459,123
459,122
460,123
460,122
460,121
461,123
461,122
461,121
462,122
460,124
461,125
461,124
462,125
462,124
462,123
463,125
463,124
463,123
464,124
462,126
463,127
463,126
464,127
464,126
464,125
465,127
460,125
461,126
462,127
459,124
458,123
457,122
457,123
458,124
459,125
456,121
456,122
455,120
455,121
455,122
456,123
457,124
454,121
454,120
454,119
453,118
453,119
453,120
452,119
452,118
452,117
449,118
449,117
449,116
450,119
450,118
450,117
450,116
450,115
451,120
451,119
451,118
451,117
451,116
452,120
448,117
448,116
448,115
449,115
449,114
450,114
450,113
447,114
447,113
447,112
448,114
448,113
448,112
448,111
449,113
449,112
446,113
446,112
446,111
447,111
447,110
444,111
444,110
444,109
445,112
445,111
445,110
445,109
445,108
446,110
446,109
446,108
446,107
447,109
447,108
447,107
444,108
444,107
444,106
445,107
445,106
445,105
446,106
446,105
446,104
447,106
447,105
447,104
444,105
444,104
444,103
445,104
445,103
445,102
446,103
446,102
446,101
443,102
443,101
443,100
444,102
444,101
444,100
444,99
445,101
445,100
445,99
445,98
442,99
442,98
442,97
443,99
443,98
443,97
443,96
444,98
444,97
444,96
444,95
445,97
442,96
443,95
444,94
441,95
441,94
441,93
442,95
442,94
442,93
442,92
443,94
443,93
443,92
443,91
444,93
444,92
444,91
445,93
445,92
445,91
442,91
442,90
443,90
443,89
444,90
444,89
444,88
445,90
445,89
445,88
446,89
446,88
443,88
443,87
444,87
444,86
445,87
445,86
445,85
446,87
446,86
446,85
447,86
447,85
443,86
444,85
445,84
446,84
447,84
448,85
442,88
442,87
442,86
443,85
444,84
439,88
439,87
439,86
440,89
440,88
440,87
440,86
440,85
441,90
441,89
441,88
441,87
441,86
441,85
441,84
442,89
442,85
442,84
443,84
439,90
439,89
440,91
440,90
441,92
441,91
438,92
438,91
438,90
439,93
439,92
439,91
440,94
440,93
440,92
437,93
437,92
437,91
438,94
438,93
439,95
439,94
440,95
437,96
437,95
437,94
438,97
438,96
438,95
439,98
439,97
439,96
440,98
440,97
440,96
441,98
441,97
441,96
440,99
441,99
438,100
438,99
438,98
439,101
439,100
439,99
440,102
440,101
440,100
441,102
441,101
441,100
442,102
442,101
442,100
441,103
442,103
443,103
440,104
440,103
441,105
441,104
442,106
442,105
442,104
443,106
443,105
443,104
440,105
441,106
442,107
443,107
440,108
440,107
440,106
441,109
441,108
441,107
442,110
442,109
442,108
443,110
443,109
443,108
440,109
441,110
442,111
443,111
440,110
441,111
442,112
443,112
444,112
439,109
439,108
439,107
438,108
438,107
438,106
439,106
439,105
436,106
436,105
436,104
437,107
437,106
437,105
437,104
437,103
438,105
438,104
438,103
438,102
439,104
439,103
439,102
436,103
436,102
436,101
437,102
437,101
437,100
438,101
435,102
435,101
435,100
436,100
436,99
437,99
437,98
434,99
434,98
434,97
435,99
435,98
435,97
435,96
436,98
436,97
436,96
436,95
437,97
434,96
435,95
436,94
433,95
433,94
433,93
434,95
434,94
434,93
434,92
435,94
435,93
435,92
435,91
436,93
436,92
436,91
433,92
433,91
433,90
434,91
434,90
434,89
435,90
435,89
435,88
436,90
436,89
436,88
437,90
437,89
437,88
438,89
436,87
437,87
437,86
438,88
438,87
438,86
435,87
436,86
437,85
438,85
439,85
434,88
434,87
435,86
436,85
433,89
433,88
433,87
434,86
435,85
432,90
432,89
432,88
432,91
431,92
431,91
431,90
432,93
432,92
432,94
432,95
433,96
431,93
431,94
431,95
432,96
433,97
431,96
432,97
433,98
431,97
432,98
433,99
434,100
432,99
433,100
434,101
433,101
434,102
435,103
434,103
435,104
433,102
440,84
439,84
438,84
445,113
444,113
443,113
444,114
445,114
446,114
445,115
446,115
447,115
447,116
446,116
453,121
454,122
448,84
449,84
450,84
453,85
466,128
465,128
467,129
468,129
469,129
470,130
471,130
472,130
457,87
458,87
473,131
472,131
476,132
480,132
473,95
474,96
483,103
495,125
491,131
492,130
493,129
488,132
489,132
485,133
DIFFERENCE
219,123
219,122
219,121
220,124
220,123
220,122
220,121
220,120
221,125
221,124
221,123
221,122
221,121
221,120
221,119
222,125
222,124
222,123
222,121
222,120
222,119
223,125
223,124
223,123
223,122
223,121
223,120
223,119
224,124
224,123
224,122
224,121
224,120
225,123
225,122
225,121
224,119
224,118
225,124
225,120
225,119
225,118
226,124
226,123
226,122
226,121
226,120
226,119
226,118
227,123
227,122
227,121
227,120
227,119
228,122
228,121
228,120
227,118
227,117
228,123
228,119
228,118
228,117
229,123
229,122
229,121
229,120
229,119
229,118
229,117
230,122
230,121
230,120
230,119
230,118
231,121
231,120
231,119
230,117
230,116
231,122
231,118
231,117
231,116
232,122
232,121
232,120
232,119
232,118
232,117
232,116
233,121
233,120
233,119
233,118
233,117
234,120
234,119
234,118
233,116
233,115
234,121
234,117
234,116
234,115
235,121
235,120
235,119
235,118
235,117
235,116
235,115
236,120
236,119
236,118
236,117
236,116
237,119
237,118
237,117
236,115
236,114
237,120
237,116
237,115
237,114
238,120
238,119
238,118
238,117
238,116
238,115
238,114
239,119
239,118
239,117
239,116
239,115
240,118
240,117
240,116
237,113
238,113
238,112
239,114
239,113
239,112
240,115
240,114
240,113
240,112
241,117
241,116
241,115
241,114
241,113
242,116
242,115
242,114
239,111
240,111
240,110
241,112
241,111
241,110
242,113
242,112
242,111
242,110
243,115
243,114
243,113
243,112
243,111
244,114
244,113
244,112
241,109
242,109
242,108
243,110
243,109
243,108
244,111
244,110
244,109
244,108
245,113
245,112
245,111
245,110
245,109
246,112
246,111
246,110
243,107
244,107
244,106
245,108
245,107
245,106
246,109
246,108
246,107
246,106
247,111
247,110
247,109
247,108
247,107
248,110
248,109
248,108
245,105
246,105
246,104
247,106
247,105
247,104
248,107
248,106
248,105
248,104
249,109
249,108
249,107
249,106
249,105
250,108
250,107
250,106
247,103
248,103
248,102
249,104
249,103
249,102
250,105
250,104
250,103
250,102
251,107
251,106
251,105
251,104
251,103
252,106
252,105
252,104
247,102
247,101
248,101
248,100
249,101
249,100
249,99
250,101
250,100
250,99
251,102
251,101
251,100
251,99
252,103
252,102
252,101
252,100
253,103
253,102
253,101
248,99
248,98
249,98
249,97
250,98
250,97
250,96
251,98
251,97
251,96
252,99
252,98
252,97
252,96
253,100
253,99
253,98
253,97
254,100
254,99
254,98
253,96
254,101
254,97
255,100
255,99
255,98
248,97
248,96
248,95
249,96
249,95
249,94
250,95
250,94
250,93
251,95
251,94
251,93
252,95
252,94
252,93
253,95
253,94
254,96
254,95
248,94
248,93
249,93
249,92
250,92
250,91
251,92
251,91
252,92
252,91
253,93
253,92
254,94
254,93
247,92
247,91
247,90
248,92
248,91
248,90
248,89
249,91
249,90
249,89
249,88
250,90
250,89
250,88
251,90
251,89
251,88
252,90
252,89
253,91
253,90
246,90
246,89
246,88
247,89
247,88
247,87
248,88
248,87
248,86
249,87
249,86
250,87
250,86
251,87
252,88
245,89
245,88
245,87
246,87
246,86
247,86
247,85
248,85
249,85
244,87
244,86
244,85
245,86
245,85
245,84
246,85
246,84
246,83
247,84
247,83
248,84
248,83
249,84
250,85
243,85
243,84
243,83
244,84
244,83
244,82
245,83
245,82
245,81
246,82
246,81
247,82
247,81
248,82
249,83
242,84
242,83
242,82
243,82
243,81
244,81
244,80
245,80
246,80
240,82
240,81
240,80
241,83
241,82
241,81
241,80
241,79
242,81
242,80
242,79
242,78
243,80
243,79
243,78
244,79
244,78
245,79
239,80
239,79
239,78
240,79
240,78
240,77
241,78
241,77
241,76
242,77
242,76
243,77
243,76
244,77
245,78
238,79
238,78
238,77
239,77
239,76
240,76
240,75
241,75
242,75
236,77
236,76
236,75
237,78
237,77
237,76
237,75
237,74
238,76
238,75
238,74
238,73
239,75
239,74
239,73
240,74
240,73
241,74
235,76
235,75
235,74
236,74
236,73
237,73
237,72
238,72
239,72
233,75
233,74
233,73
234,76
234,75
234,74
234,73
234,72
235,77
235,73
235,72
235,71
236,72
236,71
237,71
232,74
232,73
232,72
233,72
233,71
234,71
234,70
235,70
236,70
230,72
230,71
230,70
231,73
231,72
231,71
231,70
231,69
232,71
232,70
232,69
232,68
233,70
233,69
233,68
234,69
234,68
235,69
229,71
229,70
229,69
230,69
230,68
231,68
231,67
232,67
233,67
227,70
227,69
227,68
228,71
228,70
228,69
228,68
228,67
229,72
229,68
229,67
229,66
230,67
230,66
231,66
226,73
226,72
226,71
227,74
227,73
227,72
227,71
228,75
228,74
228,73
228,72
229,75
229,74
229,73
230,75
230,74
230,73
231,74
229,76
230,77
230,76
231,77
231,76
231,75
232,77
232,76
232,75
233,76
231,78
232,79
232,78
233,79
233,78
233,77
234,79
234,78
234,77
235,78
233,80
234,81
234,80
235,81
235,80
235,79
236,81
236,80
236,79
236,78
237,80
237,79
236,82
237,82
237,81
238,82
238,81
238,80
239,81
237,83
238,84
238,83
239,84
239,83
239,82
240,84
240,83
237,84
238,85
239,86
239,85
240,86
240,85
241,86
241,85
241,84
242,85
240,87
241,88
241,87
242,88
242,87
242,86
243,88
243,87
243,86
242,89
243,89
244,89
244,88
241,89
242,90
243,91
243,90
244,91
244,90
245,91
245,90
242,91
243,92
244,93
244,92
245,93
245,92
246,93
246,92
246,91
245,94
246,94
247,94
247,93
244,94
245,95
246,96
246,95
247,96
247,95
244,96
244,95
245,97
245,96
246,98
246,97
247,98
247,97
244,98
244,97
245,99
245,98
246,100
246,99
247,100
247,99
244,100
244,99
245,101
245,100
246,102
246,101
243,102
243,101
243,100
244,103
244,102
244,101
245,104
245,103
245,102
246,103
243,104
243,103
244,105
244,104
241,105
241,104
241,103
242,106
242,105
242,104
242,103
242,102
243,106
243,105
240,106
240,105
240,104
241,107
241,106
242,107
239,108
239,107
239,106
240,109
240,108
240,107
241,108
238,109
238,108
238,107
239,110
239,109
236,110
236,109
236,108
237,111
237,110
237,109
237,108
237,107
238,111
238,110
238,106
235,107
235,106
235,105
236,107
236,106
236,105
236,104
237,106
237,105
237,104
237,103
238,105
238,104
238,103
239,105
239,104
239,103
236,103
236,102
237,102
237,101
238,102
238,101
238,100
239,102
239,101
239,100
240,103
240,102
240,101
240,100
241,102
241,101
239,99
240,99
240,98
241,100
241,99
241,98
242,101
242,100
242,99
242,98
243,99
241,97
242,97
242,96
243,98
243,97
243,96
240,97
240,96
240,95
241,96
241,95
241,94
242,95
242,94
242,93
243,95
243,94
243,93
240,94
240,93
240,92
241,93
241,92
241,91
242,92
239,93
239,92
239,91
240,91
240,90
241,90
238,91
238,90
238,89
239,90
239,89
239,88
240,89
240,88
237,89
237,88
237,87
238,88
238,87
238,86
239,87
236,88
236,87
236,86
237,86
237,85
234,86
234,85
234,84
235,87
235,86
235,85
235,84
235,83
236,85
236,84
236,83
233,84
233,83
233,82
234,83
234,82
235,82
232,83
232,82
232,81
233,81
230,82
230,81
230,80
231,83
231,82
231,81
231,80
231,79
232,84
232,80
229,81
229,80
229,79
230,79
230,78
227,79
227,78
227,77
228,80
228,79
228,78
228,77
228,76
229,78
229,77
226,78
226,77
226,76
227,76
227,75
224,76
224,75
224,74
225,77
225,76
225,75
225,74
225,73
226,75
226,74
223,75
223,74
223,73
224,73
224,72
225,72
225,71
222,72
222,71
222,70
223,72
223,71
223,70
223,69
224,71
224,70
224,69
224,68
225,70
225,69
225,68
226,70
226,69
226,68
223,68
223,67
224,67
224,66
225,67
225,66
225,65
226,67
226,66
226,65
227,67
227,66
227,65
228,66
223,66
224,65
225,64
226,64
227,64
228,65
220,67
220,66
220,65
221,68
221,67
221,66
221,65
221,64
222,69
222,68
222,67
222,66
222,65
222,64
222,63
223,65
223,64
223,63
224,64
224,63
220,64
221,63
222,62
223,62
224,62
225,63
219,66
219,65
219,64
220,63
221,62
216,66
216,65
216,64
217,67
217,66
217,65
217,64
217,63
218,68
218,67
218,66
218,65
218,64
218,63
218,62
219,68
219,67
219,63
219,62
220,68
220,62
217,69
217,68
218,70
218,69
219,71
219,70
219,69
220,71
220,70
220,69
221,71
221,70
221,69
220,72
221,72
218,73
218,72
218,71
219,74
219,73
219,72
220,75
220,74
220,73
221,75
221,74
221,73
222,75
222,74
222,73
221,76
222,76
223,76
220,77
220,76
221,78
221,77
222,79
222,78
222,77
223,79
223,78
223,77
224,79
224,78
224,77
225,78
223,80
224,81
224,80
225,81
225,80
225,79
226,81
226,80
226,79
227,80
225,82
226,83
226,82
227,83
227,82
227,81
228,83
228,82
228,81
229,82
227,84
228,85
228,84
229,85
229,84
229,83
230,85
230,84
230,83
231,84
229,86
230,87
230,86
231,87
231,86
231,85
232,87
232,86
232,85
233,86
233,85
232,88
233,88
233,87
234,88
234,87
231,88
232,89
233,90
233,89
234,90
234,89
235,90
235,89
235,88
236,89
234,91
235,92
235,91
236,92
236,91
236,90
237,92
237,91
237,90
236,93
237,93
238,93
238,92
235,93
236,94
237,95
237,94
238,95
238,94
239,95
239,94
236,95
237,96
238,97
238,96
239,97
239,96
236,97
236,96
237,98
237,97
238,99
238,98
239,98
236,99
236,98
237,100
237,99
234,100
234,99
234,98
235,101
235,100
235,99
235,98
235,97
236,101
236,100
233,101
233,100
233,99
234,102
234,101
235,103
235,102
232,103
232,102
232,101
233,104
233,103
233,102
234,105
234,104
234,103
235,104
232,105
232,104
233,106
233,105
234,107
234,106
231,107
231,106
231,105
232,108
232,107
232,106
233,109
233,108
233,107
234,109
234,108
235,109
235,108
232,109
233,110
234,111
234,110
235,111
235,110
236,111
233,112
233,111
234,113
234,112
235,114
235,113
235,112
236,113
236,112
237,112
233,113
234,114
231,115
231,114
231,113
232,115
232,114
232,113
232,112
233,114
230,115
230,114
230,113
231,112
232,111
229,112
229,111
229,110
230,112
230,111
230,110
230,109
231,111
231,110
231,109
231,108
232,110
229,109
230,108
227,109
227,108
227,107
228,110
228,109
228,108
228,107
228,106
229,108
229,107
229,106
229,105
230,107
230,106
230,105
227,106
227,105
227,104
228,105
228,104
228,103
229,104
229,103
229,102
230,104
230,103
230,102
231,104
231,103
231,102
228,102
228,101
229,101
229,100
230,101
230,100
230,99
231,101
231,100
231,99
232,100
232,99
229,99
229,98
230,98
230,97
231,98
231,97
231,96
232,98
232,97
232,96
233,98
233,97
233,96
234,97
232,95
233,95
233,94
234,96
234,95
234,94
235,96
235,95
235,94
232,94
232,93
233,93
233,92
234,93
234,92
231,93
231,92
231,91
232,92
232,91
232,90
233,91
230,92
230,91
230,90
231,90
231,89
228,90
228,89
228,88
229,91
229,90
229,89
229,88
229,87
230,89
230,88
227,89
227,88
227,87
228,87
228,86
225,87
225,86
225,85
226,88
226,87
226,86
226,85
226,84
227,86
227,85
224,86
224,85
224,84
225,84
225,83
222,84
222,83
222,82
223,85
223,84
223,83
223,82
223,81
224,83
224,82
221,83
221,82
221,81
222,81
222,80
219,81
219,80
219,79
220,82
220,81
220,80
220,79
220,78
221,80
221,79
218,80
218,79
218,78
219,78
219,77
216,78
216,77
216,76
217,79
217,78
217,77
217,76
217,75
218,77
218,76
218,75
218,74
219,76
219,75
216,75
216,74
217,74
217,73
214,74
214,73
214,72
215,75
215,74
215,73
215,72
215,71
216,73
216,72
216,71
216,70
217,72
217,71
217,70
214,71
214,70
214,69
215,70
215,69
215,68
216,69
216,68
216,67
213,68
213,67
213,66
214,68
214,67
214,66
214,65
215,67
215,66
215,65
215,64
212,65
212,64
212,63
213,65
213,64
213,63
213,62
214,64
214,63
214,62
214,61
215,63
215,62
215,61
216,63
216,62
216,61
217,62
211,65
211,64
211,63
212,66
212,62
213,61
209,67
209,66
209,65
210,68
210,67
210,66
210,65
210,64
211,69
211,68
211,67
211,66
212,69
212,68
212,67
213,69
210,70
210,69
211,71
211,70
212,72
212,71
212,70
213,72
213,71
213,70
210,71
211,72
212,73
213,73
210,74
210,73
210,72
211,75
211,74
211,73
212,76
212,75
212,74
213,76
213,75
213,74
214,76
214,75
211,76
212,77
213,78
213,77
214,78
214,77
215,78
215,77
215,76
214,79
215,79
216,79
213,80
213,79
214,81
214,80
215,82
215,81
215,80
216,82
216,81
216,80
217,82
217,81
217,80
218,81
216,83
217,84
217,83
218,84
218,83
218,82
219,84
219,83
219,82
220,83
218,85
219,86
219,85
220,86
220,85
220,84
221,86
221,85
221,84
222,85
220,87
221,88
221,87
222,88
222,87
222,86
223,88
223,87
223,86
224,87
222,89
223,90
223,89
224,90
224,89
224,88
225,90
225,89
225,88
226,89
224,91
225,92
225,91
226,92
226,91
226,90
227,92
227,91
227,90
228,91
226,93
227,94
227,93
228,94
228,93
228,92
229,94
229,93
229,92
230,93
228,95
229,96
229,95
230,96
230,95
230,94
231,95
231,94
228,96
229,97
226,98
226,97
226,96
227,99
227,98
227,97
227,96
227,95
228,100
228,99
228,98
228,97
225,98
225,97
225,96
226,99
226,95
227,100
224,101
224,100
224,99
225,102
225,101
225,100
225,99
226,103
226,102
226,101
226,100
227,103
227,102
227,101
224,102
225,103
226,104
223,105
223,104
223,103
224,106
224,105
224,104
224,103
225,107
225,106
225,105
225,104
226,107
226,106
226,105
223,106
224,107
225,108
226,108
223,109
223,108
223,107
224,110
224,109
224,108
225,111
225,110
225,109
226,111
226,110
226,109
227,111
227,110
224,111
225,112
226,113
226,112
227,113
227,112
228,113
228,112
228,111
227,114
228,114
229,114
229,113
226,114
227,115
228,116
228,115
229,116
229,115
226,116
226,115
227,116
224,117
224,116
224,115
225,117
225,116
225,115
225,114
226,117
223,118
223,117
223,116
220,117
220,116
220,115
221,118
221,117
221,116
221,115
221,114
222,118
222,117
222,116
222,115
222,114
222,113
223,115
223,114
223,113
224,114
224,113
221,113
221,112
222,112
222,111
223,112
223,111
223,110
224,112
225,113
221,111
222,110
219,111
219,110
219,109
220,112
220,111
220,110
220,109
220,108
221,110
221,109
221,108
221,107
222,109
222,108
222,107
219,108
219,107
219,106
220,107
220,106
220,105
221,106
221,105
221,104
222,106
222,105
222,104
219,105
219,104
219,103
220,104
220,103
220,102
221,103
221,102
221,101
222,103
222,102
222,101
223,102
223,101
220,101
220,100
221,100
221,99
222,100
222,99
222,98
223,100
223,99
223,98
224,98
221,98
221,97
222,97
222,96
223,97
223,96
223,95
224,97
224,96
224,95
225,95
222,95
222,94
223,94
223,93
224,94
224,93
224,92
225,94
225,93
226,94
222,93
222,92
223,92
223,91
220,92
220,91
220,90
221,93
221,92
221,91
221,90
221,89
222,91
222,90
219,91
219,90
219,89
220,89
220,88
217,89
217,88
217,87
218,90
218,89
218,88
218,87
218,86
219,88
219,87
216,88
216,87
216,86
217,86
217,85
214,86
214,85
214,84
215,87
215,86
215,85
215,84
215,83
216,85
216,84
213,85
213,84
213,83
214,83
214,82
211,83
211,82
211,81
212,84
212,83
212,82
212,81
212,80
213,82
213,81
210,82
210,81
210,80
211,80
211,79
212,79
212,78
209,79
209,78
209,77
210,79
210,78
210,77
210,76
211,78
211,77
208,78
208,77
208,76
209,76
209,75
210,75
207,76
207,75
207,74
208,75
208,74
208,73
209,74
209,73
209,72
206,73
206,72
206,71
207,73
207,72
207,71
207,70
208,72
208,71
208,70
208,69
209,71
209,70
209,69
206,70
206,69
206,68
207,69
207,68
207,67
208,68
208,67
208,66
209,68
206,67
207,66
208,65
205,69
205,68
205,67
206,66
207,65
204,70
204,69
204,68
205,71
205,70
205,72
202,73
202,72
202,71
203,74
203,73
203,72
203,71
203,70
204,75
204,74
204,73
204,72
204,71
205,75
205,74
205,73
206,75
206,74
203,75
204,76
205,77
205,76
206,77
206,76
207,77
204,78
204,77
205,79
205,78
206,80
206,79
206,78
207,80
207,79
207,78
208,80
208,79
205,80
206,81
207,82
207,81
208,82
208,81
209,82
209,81
209,80
208,83
209,83
210,83
207,84
207,83
208,85
208,84
209,86
209,85
209,84
210,86
210,85
210,84
211,86
211,85
211,84
212,85
210,87
211,88
211,87
212,88
212,87
212,86
213,88
213,87
213,86
214,87
212,89
213,90
213,89
214,90
214,89
214,88
215,90
215,89
215,88
216,89
214,91
215,92
215,91
216,92
216,91
216,90
217,92
217,91
217,90
218,91
216,93
217,94
217,93
218,94
218,93
218,92
219,94
219,93
219,92
220,93
218,95
219,96
219,95
220,96
220,95
220,94
221,96
221,95
221,94
220,97
217,98
217,97
217,96
218,99
218,98
218,97
218,96
219,100
219,99
219,98
219,97
220,99
220,98
217,99
218,100
219,101
216,102
216,101
216,100
217,103
217,102
217,101
217,100
218,104
218,103
218,102
218,101
219,102
216,103
217,104
218,105
215,106
215,105
215,104
216,107
216,106
216,105
216,104
217,108
217,107
217,106
217,105
218,108
218,107
218,106
215,107
216,108
217,109
218,109
215,110
215,109
215,108
216,111
216,110
216,109
217,112
217,111
217,110
218,112
218,111
218,110
219,112
216,113
216,112
217,114
217,113
218,115
218,114
218,113
219,115
219,114
219,113
220,114
220,113
219,116
216,117
216,116
216,115
217,118
217,117
217,116
217,115
218,119
218,118
218,117
218,116
219,119
219,118
219,117
220,119
220,118
217,119
218,120
219,120
216,121
216,120
216,119
217,122
217,121
217,120
218,123
218,122
218,121
213,120
213,119
213,118
214,121
214,120
214,119
214,118
214,117
215,122
215,121
215,120
215,119
215,118
215,117
215,116
216,122
216,118
213,117
214,116
215,115
212,116
212,115
212,114
213,116
213,115
213,114
213,113
214,115
214,114
214,113
214,112
215,114
215,113
215,112
216,114
215,111
212,112
212,111
212,110
213,112
213,111
213,110
213,109
214,111
214,110
214,109
214,108
211,109
211,108
211,107
212,109
212,108
212,107
212,106
213,108
213,107
213,106
213,105
214,107
214,106
214,105
211,106
211,105
211,104
212,105
212,104
212,103
213,104
213,103
213,102
214,104
214,103
214,102
215,103
215,102
212,102
212,101
213,101
213,100
214,101
214,100
214,99
215,101
215,100
215,99
216,99
213,99
213,98
214,98
214,97
215,98
215,97
215,96
216,98
216,97
216,96
213,97
213,96
213,95
214,96
214,95
214,94
215,95
215,94
215,93
216,95
216,94
217,95
213,94
213,93
214,93
214,92
211,93
211,92
211,91
212,94
212,93
212,92
212,91
212,90
213,92
213,91
210,92
210,91
210,90
211,90
211,89
208,90
208,89
208,88
209,91
209,90
209,89
209,88
209,87
210,89
210,88
207,89
207,88
207,87
208,87
208,86
205,87
205,86
205,85
206,88
206,87
206,86
206,85
206,84
207,86
207,85
204,86
204,85
204,84
205,84
205,83
206,83
206,82
203,83
203,82
203,81
204,83
204,82
204,81
204,80
205,82
205,81
202,82
202,81
202,80
203,80
203,79
204,79
201,80
201,79
201,78
202,79
202,78
202,77
203,78
203,77
203,76
200,77
200,76
200,75
201,77
201,76
201,75
201,74
202,76
202,75
202,74
199,76
199,75
199,74
200,74
200,73
201,73
201,72
199,77
200,78
197,79
197,78
197,77
198,80
198,79
198,78
198,77
198,76
199,81
199,80
199,79
199,78
200,81
200,80
200,79
201,81
198,82
198,81
199,83
199,82
200,84
200,83
200,82
201,84
201,83
201,82
202,84
202,83
199,84
200,85
201,86
201,85
202,86
202,85
203,86
203,85
203,84
202,87
203,87
204,87
201,88
201,87
202,89
202,88
203,90
203,89
203,88
204,90
204,89
204,88
205,90
205,89
205,88
206,89
204,91
205,92
205,91
206,92
206,91
206,90
207,92
207,91
207,90
208,91
206,93
207,94
207,93
208,94
208,93
208,92
209,94
209,93
209,92
210,93
208,95
209,96
209,95
210,96
210,95
210,94
211,96
211,95
211,94
212,95
210,97
211,98
211,97
212,98
212,97
212,96
209,97
210,98
211,99
212,99
209,100
209,99
209,98
210,101
210,100
210,99
211,102
211,101
211,100
212,100
209,101
210,102
211,103
208,104
208,103
208,102
209,105
209,104
209,103
209,102
210,106
210,105
210,104
210,103
207,104
207,103
207,102
208,105
208,101
209,106
206,107
206,106
206,105
207,108
207,107
207,106
207,105
208,109
208,108
208,107
208,106
209,109
209,108
209,107
210,109
210,108
210,107
209,110
210,110
211,110
208,111
208,110
209,112
209,111
210,113
210,112
210,111
211,113
211,112
211,111
212,113
209,114
209,113
210,115
210,114
211,116
211,115
211,114
208,115
208,114
208,113
209,116
209,115
210,117
210,116
211,117
212,117
205,114
205,113
205,112
206,115
206,114
206,113
206,112
206,111
207,116
207,115
207,114
207,113
207,112
207,111
207,110
208,116
208,112
205,111
206,110
207,109
204,110
204,109
204,108
205,110
205,109
205,108
205,107
206,109
206,108
203,109
203,108
203,107
204,107
204,106
205,106
205,105
202,106
202,105
202,104
203,106
203,105
203,104
203,103
204,105
204,104
204,103
204,102
205,104
205,103
205,102
206,104
206,103
206,102
203,102
203,101
204,101
204,100
205,101
205,100
205,99
206,101
206,100
206,99
207,101
207,100
207,99
208,100
206,98
207,98
207,97
208,99
208,98
208,97
205,98
205,97
205,96
206,97
206,96
206,95
207,96
207,95
208,96
205,95
206,94
203,95
203,94
203,93
204,96
204,95
204,94
204,93
204,92
205,94
205,93
202,94
202,93
202,92
203,92
203,91
200,92
200,91
200,90
201,93
201,92
201,91
201,90
201,89
202,91
202,90
199,91
199,90
199,89
200,89
200,88
197,89
197,88
197,87
198,90
198,89
198,88
198,87
198,86
199,88
199,87
199,86
199,85
200,87
200,86
197,86
197,85
198,85
198,84
195,85
195,84
195,83
196,86
196,85
196,84
196,83
196,82
197,84
197,83
197,82
197,81
198,83
195,82
196,81
197,80
194,82
194,81
194,80
195,81
195,80
195,79
196,80
196,79
196,78
194,83
194,84
194,85
195,86
196,87
193,88
193,87
193,86
194,89
194,88
194,87
194,86
195,90
195,89
195,88
195,87
196,90
196,89
196,88
197,90
194,91
194,90
195,92
195,91
196,93
196,92
196,91
197,93
197,92
197,91
198,93
198,92
198,91
199,92
197,94
198,95
198,94
199,95
199,94
199,93
200,95
200,94
200,93
201,94
199,96
200,97
200,96
201,97
201,96
201,95
202,97
202,96
202,95
203,96
201,98
202,99
202,98
203,99
203,98
203,97
204,99
204,98
204,97
203,100
200,101
200,100
200,99
201,102
201,101
201,100
201,99
202,103
202,102
202,101
202,100
199,101
199,100
199,99
200,102
200,98
201,103
198,104
198,103
198,102
199,105
199,104
199,103
199,102
200,106
200,105
200,104
200,103
201,106
201,105
201,104
198,105
199,106
200,107
201,107
202,107
199,108
199,107
200,109
200,108
201,110
201,109
201,108
202,110
202,109
202,108
203,110
198,106
198,107
197,104
197,103
197,102
198,101
195,102
195,101
195,100
196,103
196,102
196,101
196,100
196,99
197,101
197,100
197,99
197,98
198,100
198,99
198,98
199,98
196,98
196,97
197,97
197,96
198,97
198,96
199,97
196,96
197,95
194,96
194,95
194,94
195,97
195,96
195,95
195,94
195,93
196,95
196,94
193,95
193,94
193,93
194,93
194,92
191,93
191,92
191,91
192,94
192,93
192,92
192,91
192,90
193,92
193,91
193,90
193,89
190,90
190,89
190,88
191,90
191,89
191,88
191,87
192,89
192,88
192,87
192,86
190,91
191,94
192,95
193,96
194,97
195,98
192,96
193,97
194,98
192,97
193,98
194,99
195,99
192,98
193,99
194,100
191,95
191,96
194,101
194,102
195,103
196,104
193,100
197,105
197,106
196,105
195,104
193,85
191,86
191,85
192,85
192,84
193,84
193,83
190,87
190,86
191,84
192,83
193,82
193,81
192,82
202,111
203,111
204,111
200,110
201,111
202,112
203,112
204,112
204,113
203,113
204,114
205,115
209,117
210,118
211,118
212,118
208,117
209,118
210,119
211,119
212,119
198,75
212,120
213,121
217,123
209,64
210,63
208,64
209,63
210,62
211,62
217,61
218,61
219,61
226,63
229,65
238,71
254,102
253,104
253,105
236,121
237,121
235,122
236,122
237,122
238,121
239,120
234,122
233,122
234,123
235,123
236,123
233,123
232,123
231,123
232,124
233,124
234,124
230,123
231,124
229,124
230,125
230,124
231,125
232,125
228,124
229,125
227,124
228,125
227,125
226,125
225,125
224,125
219,124
END
