DIFFERENCE
384,408
384,407
384,406
385,409
385,408
385,407
385,406
385,405
386,410
386,409
386,408
386,407
386,406
386,405
386,404
387,410
387,409
387,408
387,406
387,405
387,404
388,410
388,409
388,408
388,407
388,406
388,405
388,404
389,409
389,408
389,407
389,406
389,405
390,408
390,407
390,406
387,403
388,403
388,402
389,404
389,403
389,402
390,405
390,404
390,403
390,402
391,407
391,406
391,405
391,404
391,403
392,406
392,405
392,404
389,401
390,401
390,400
391,402
391,401
391,400
392,403
392,402
392,401
392,400
393,405
393,404
393,403
393,402
393,401
394,404
394,403
394,402
391,399
392,399
392,398
393,400
393,399
393,398
394,401
394,400
394,399
394,398
395,403
395,402
395,401
395,400
395,399
396,402
396,401
396,400
393,397
394,397
394,396
395,398
395,397
395,396
396,399
396,398
396,397
396,396
397,401
397,400
397,399
397,398
397,397
398,400
398,399
398,398
393,396
393,395
394,395
394,394
395,395
395,394
395,393
396,395
396,394
396,393
397,396
397,395
397,394
397,393
398,397
398,396
398,395
398,394
399,397
399,396
399,395
394,393
395,392
396,392
396,391
397,392
397,391
398,393
398,392
398,391
399,394
399,393
399,392
400,395
400,394
400,393
392,393
392,392
392,391
393,394
393,393
393,392
393,391
393,390
394,392
394,391
394,390
394,389
395,391
395,390
395,389
396,390
396,389
397,390
391,393
391,392
391,391
392,394
392,390
393,389
389,391
389,390
389,389
390,392
390,391
390,390
390,389
390,388
391,390
391,389
391,388
391,387
392,389
392,388
392,387
393,388
393,387
394,388
388,390
388,389
388,388
389,388
389,387
390,387
390,386
391,386
392,386
386,388
386,387
386,386
387,389
387,388
387,387
387,386
387,385
388,387
388,386
388,385
388,384
389,386
389,385
389,384
390,385
390,384
391,385
385,387
385,386
385,385
386,385
386,384
387,384
387,383
388,383
389,383
385,388
386,389
387,390
384,391
384,390
384,389
385,392
385,391
385,390
385,389
386,393
386,392
386,391
386,390
387,393
387,392
387,391
388,393
388,392
388,391
389,392
387,394
388,395
388,394
389,395
389,394
389,393
390,395
390,394
390,393
391,394
389,396
390,397
390,396
391,397
391,396
391,395
392,397
392,396
392,395
391,398
388,399
388,398
388,397
389,400
389,399
389,398
389,397
390,399
390,398
387,399
387,398
387,397
388,400
388,396
385,397
385,396
385,395
386,398
386,397
386,396
386,395
386,394
387,396
387,395
384,396
384,395
384,394
385,394
385,393
382,394
382,393
382,392
383,395
383,394
383,393
383,392
383,391
384,393
384,392
381,393
381,392
381,391
382,391
382,390
383,390
383,389
379,392
379,391
379,390
380,393
380,392
380,391
380,390
380,389
381,394
381,390
381,389
381,388
382,389
382,388
383,388
378,395
378,394
378,393
379,396
379,395
379,394
379,393
380,397
380,396
380,395
380,394
381,397
381,396
381,395
382,397
382,396
382,395
383,396
381,398
382,399
382,398
383,399
383,398
383,397
384,399
384,398
384,397
385,398
383,400
384,401
384,400
385,401
385,400
385,399
386,401
386,400
386,399
387,400
385,402
386,403
386,402
387,402
387,401
388,401
384,402
385,403
382,404
382,403
382,402
383,405
383,404
383,403
383,402
383,401
384,405
384,404
384,403
385,404
382,405
383,406
381,404
381,403
381,402
382,401
379,402
379,401
379,400
380,403
380,402
380,401
380,400
380,399
381,401
381,400
381,399
382,400
379,399
380,398
377,399
377,398
377,397
378,400
378,399
378,398
378,397
378,396
379,398
379,397
376,398
376,397
376,396
377,396
377,395
376,399
377,400
378,401
375,399
375,398
375,397
376,400
377,401
375,400
376,401
377,402
378,402
379,403
380,404
381,405
382,406
383,407
377,394
377,393
378,392
376,395
377,392
378,391
384,388
383,387
384,387
384,386
399,398
DIFFERENCE
384,377
384,376
384,375
385,378
385,377
385,376
385,375
385,374
386,379
386,378
386,377
386,376
386,375
386,374
386,373
387,379
387,378
387,377
387,375
387,374
387,373
388,379
388,378
388,377
388,376
388,375
388,374
388,373
389,378
389,377
389,376
389,375
389,374
390,377
390,376
390,375
389,373
389,372
390,378
390,374
390,373
390,372
391,378
391,377
391,376
391,375
391,374
391,373
391,372
392,377
392,376
392,375
392,374
392,373
393,376
393,375
393,374
388,372
388,371
389,371
389,370
390,371
390,370
390,369
391,371
391,370
391,369
392,372
392,371
392,370
392,369
393,373
393,372
393,371
393,370
394,373
394,372
394,371
387,372
387,371
387,370
388,370
388,369
389,369
389,368
390,368
391,368
385,371
385,370
385,369
386,372
386,371
386,370
386,369
386,368
387,369
387,368
387,367
388,368
388,367
389,367
384,370
384,369
384,368
385,368
385,367
386,367
386,366
387,366
388,366
382,369
382,368
382,367
383,370
383,369
383,368
383,367
383,366
384,371
384,367
384,366
384,365
385,366
385,365
386,365
381,372
381,371
381,370
382,373
382,372
382,371
382,370
383,374
383,373
383,372
383,371
384,374
384,373
384,372
385,373
385,372
382,374
383,375
381,373
381,374
382,375
383,376
381,375
382,376
383,377
380,372
380,371
380,370
381,369
380,373
380,374
379,371
379,370
379,369
380,369
380,368
381,368
381,367
379,372
380,367
381,366
382,366
382,365
383,365
379,368
390,367
394,374
394,375
392,378
393,377
394,376
390,379
391,379
392,379
393,378
394,377
389,379
DIFFERENCE
348,367
348,366
348,365
349,368
349,367
349,366
349,365
349,364
350,369
350,368
350,367
350,366
350,365
350,364
350,363
351,369
351,368
351,367
351,365
351,364
351,363
352,369
352,368
352,367
352,366
352,365
352,364
352,363
353,368
353,367
353,366
353,365
353,364
354,367
354,366
354,365
349,363
349,362
350,362
350,361
351,362
351,361
351,360
352,362
352,361
352,360
353,363
353,362
353,361
353,360
354,364
354,363
354,362
354,361
355,364
355,363
355,362
350,360
350,359
351,359
351,358
352,359
352,358
352,357
353,359
353,358
353,357
354,360
354,359
354,358
354,357
355,361
355,360
355,359
355,358
356,361
356,360
356,359
351,357
351,356
352,356
352,355
353,356
353,355
353,354
354,356
354,355
354,354
355,357
355,356
355,355
355,354
356,358
356,357
356,356
356,355
357,358
357,357
357,356
351,355
351,354
351,353
352,354
352,353
352,352
353,353
353,352
353,351
354,353
354,352
354,351
355,353
355,352
355,351
356,354
356,353
356,352
357,355
357,354
357,353
352,351
352,350
353,350
353,349
354,350
354,349
354,348
355,350
355,349
355,348
356,351
356,350
356,349
356,348
357,352
357,351
357,350
357,349
358,352
358,351
358,350
353,348
353,347
354,347
354,346
355,347
355,346
355,345
356,347
356,346
356,345
357,348
357,347
357,346
357,345
358,349
358,348
358,347
358,346
359,349
359,348
359,347
354,345
354,344
355,344
355,343
356,344
356,343
356,342
357,344
357,343
357,342
358,345
358,344
358,343
358,342
359,346
359,345
359,344
359,343
360,346
360,345
360,344
355,342
355,341
356,341
356,340
357,341
357,340
357,339
358,341
358,340
358,339
359,342
359,341
359,340
359,339
360,343
360,342
360,341
360,340
361,343
361,342
361,341
356,339
356,338
357,338
357,337
358,338
358,337
358,336
359,338
359,337
359,336
360,339
360,338
360,337
360,336
361,340
361,339
361,338
361,337
362,340
362,339
362,338
356,337
356,336
356,335
357,336
357,335
357,334
358,335
358,334
358,333
359,335
359,334
359,333
360,335
360,334
360,333
361,336
361,335
361,334
362,337
362,336
362,335
357,333
357,332
358,332
358,331
359,332
359,331
359,330
360,332
360,331
360,330
361,333
361,332
361,331
361,330
362,334
362,333
362,332
362,331
363,334
363,333
363,332
357,331
357,330
357,329
358,330
358,329
358,328
359,329
359,328
359,327
360,329
360,328
360,327
361,329
361,328
361,327
362,330
362,329
362,328
363,331
363,330
363,329
357,328
357,327
357,326
358,327
358,326
358,325
359,326
359,325
359,324
360,326
360,325
360,324
361,326
361,325
361,324
362,327
362,326
362,325
363,328
363,327
363,326
358,324
358,323
359,323
359,322
360,323
360,322
360,321
361,323
361,322
361,321
362,324
362,323
362,322
362,321
363,325
363,324
363,323
363,322
364,325
364,324
364,323
358,322
358,321
358,320
359,321
359,320
359,319
360,320
360,319
360,318
361,320
361,319
361,318
362,320
362,319
362,318
363,321
363,320
363,319
364,322
364,321
364,320
358,319
358,318
358,317
359,318
359,317
359,316
360,317
360,316
360,315
361,317
361,316
361,315
362,317
362,316
362,315
363,318
363,317
363,316
364,319
364,318
364,317
359,315
359,314
360,314
360,313
361,314
361,313
361,312
362,314
362,313
362,312
363,315
363,314
363,313
363,312
364,316
364,315
364,314
364,313
365,316
365,315
365,314
359,313
359,312
359,311
360,312
360,311
360,310
361,311
361,310
361,309
362,311
362,310
362,309
363,311
363,310
363,309
364,312
364,311
364,310
365,313
365,312
365,311
359,310
359,309
359,308
360,309
360,308
360,307
361,308
361,307
361,306
362,308
362,307
362,306
363,308
363,307
363,306
364,309
364,308
364,307
365,310
365,309
365,308
359,307
360,306
361,305
362,305
363,305
364,306
365,307
358,309
358,308
358,307
359,306
360,305
357,310
357,309
357,308
358,311
358,310
355,311
355,310
355,309
356,312
356,311
356,310
356,309
356,308
357,313
357,312
357,311
357,307
358,313
358,312
355,313
355,312
356,314
356,313
357,315
357,314
358,315
358,314
355,315
355,314
356,316
356,315
357,317
357,316
358,316
355,317
355,316
356,318
356,317
357,319
357,318
354,319
354,318
354,317
355,320
355,319
355,318
356,321
356,320
356,319
357,321
357,320
354,321
354,320
355,322
355,321
356,323
356,322
357,323
357,322
354,323
354,322
355,324
355,323
356,325
356,324
357,325
357,324
354,325
354,324
355,326
355,325
356,327
356,326
353,327
353,326
353,325
354,328
354,327
354,326
355,329
355,328
355,327
356,329
356,328
353,329
353,328
354,330
354,329
355,331
355,330
356,331
356,330
353,331
353,330
354,332
354,331
355,333
355,332
356,333
356,332
353,333
353,332
354,334
354,333
355,335
355,334
356,334
353,335
353,334
354,336
354,335
355,337
355,336
352,337
352,336
352,335
353,338
353,337
353,336
354,339
354,338
354,337
355,339
355,338
352,339
352,338
353,340
353,339
354,341
354,340
355,340
352,341
352,340
353,342
353,341
354,343
354,342
351,343
351,342
351,341
352,344
352,343
352,342
353,345
353,344
353,343
350,344
350,343
350,342
351,345
351,344
352,346
352,345
353,346
350,347
350,346
350,345
351,348
351,347
351,346
352,349
352,348
352,347
349,348
349,347
349,346
350,349
350,348
351,350
351,349
348,350
348,349
348,348
349,351
349,350
349,349
350,352
350,351
350,350
351,352
351,351
348,352
348,351
349,353
349,352
350,354
350,353
347,354
347,353
347,352
348,355
348,354
348,353
349,356
349,355
349,354
350,356
350,355
347,356
347,355
348,357
348,356
349,358
349,357
350,358
350,357
347,358
347,357
348,359
348,358
349,360
349,359
346,360
346,359
346,358
347,361
347,360
347,359
348,362
348,361
348,360
349,361
346,362
346,361
347,363
347,362
348,364
348,363
345,364
345,363
345,362
346,365
346,364
346,363
347,366
347,365
347,364
344,363
344,362
344,361
345,361
345,360
342,361
342,360
342,359
343,362
343,361
343,360
343,359
343,358
344,360
344,359
344,358
344,357
345,359
345,358
345,357
346,357
343,357
343,356
344,356
344,355
345,356
345,355
345,354
346,356
346,355
346,354
343,355
343,354
343,353
344,354
344,353
344,352
345,353
345,352
345,351
346,353
346,352
346,351
347,351
344,351
344,350
345,350
345,349
346,350
346,349
346,348
347,350
347,349
347,348
344,349
344,348
344,347
345,348
345,347
345,346
346,347
346,346
346,345
347,347
347,346
347,345
348,347
348,346
348,345
345,345
345,344
346,344
346,343
347,344
347,343
347,342
348,344
348,343
348,342
349,345
349,344
349,343
349,342
346,342
346,341
347,341
347,340
348,341
348,340
348,339
349,341
349,340
349,339
350,341
350,340
350,339
351,340
349,338
350,338
350,337
351,339
351,338
351,337
348,338
348,337
348,336
349,337
349,336
349,335
350,336
350,335
350,334
351,336
351,335
351,334
352,334
349,334
349,333
350,333
350,332
351,333
351,332
351,331
352,333
352,332
352,331
349,332
349,331
349,330
350,331
350,330
350,329
351,330
351,329
351,328
352,330
352,329
352,328
349,329
349,328
349,327
350,328
350,327
350,326
351,327
351,326
351,325
352,327
352,326
352,325
349,326
349,325
349,324
350,325
350,324
350,323
351,324
351,323
351,322
352,324
352,323
352,322
353,324
353,323
353,322
350,322
350,321
351,321
351,320
352,321
352,320
352,319
353,321
353,320
353,319
350,320
350,319
350,318
351,319
351,318
351,317
352,318
352,317
352,316
353,318
353,317
353,316
354,316
351,316
351,315
352,315
352,314
353,315
353,314
353,313
354,315
354,314
354,313
351,314
351,313
351,312
352,313
352,312
352,311
353,312
353,311
353,310
354,312
354,311
354,310
351,311
351,310
352,310
352,309
353,309
353,308
354,309
354,308
355,308
350,313
350,312
350,311
347,314
347,313
347,312
348,315
348,314
348,313
348,312
348,311
349,316
349,315
349,314
349,313
349,312
349,311
349,310
350,316
350,315
350,314
350,310
347,315
348,316
349,317
350,317
347,318
347,317
347,316
348,319
348,318
348,317
349,320
349,319
349,318
346,319
346,318
346,317
347,320
347,319
348,321
348,320
349,321
346,322
346,321
346,320
347,323
347,322
347,321
348,324
348,323
348,322
349,323
349,322
346,323
347,324
348,325
345,326
345,325
345,324
346,327
346,326
346,325
346,324
347,328
347,327
347,326
347,325
348,328
348,327
348,326
345,327
346,328
347,329
348,329
345,330
345,329
345,328
346,331
346,330
346,329
347,332
347,331
347,330
348,332
348,331
348,330
345,331
346,332
347,333
348,333
345,334
345,333
345,332
346,335
346,334
346,333
347,336
347,335
347,334
348,335
348,334
345,335
346,336
347,337
344,338
344,337
344,336
345,339
345,338
345,337
345,336
346,340
346,339
346,338
346,337
347,339
347,338
344,339
345,340
342,341
342,340
342,339
343,342
343,341
343,340
343,339
343,338
344,343
344,342
344,341
344,340
345,343
345,342
345,341
342,342
343,343
344,344
341,345
341,344
341,343
342,346
342,345
342,344
342,343
343,347
343,346
343,345
343,344
344,346
344,345
341,346
342,347
343,348
340,349
340,348
340,347
341,350
341,349
341,348
341,347
342,351
342,350
342,349
342,348
343,351
343,350
343,349
340,350
341,351
342,352
343,352
340,353
340,352
340,351
341,354
341,353
341,352
342,355
342,354
342,353
339,354
339,353
339,352
340,355
340,354
341,356
341,355
342,356
339,357
339,356
339,355
340,358
340,357
340,356
341,359
341,358
341,357
342,358
342,357
339,358
340,359
341,360
338,356
338,355
338,354
338,357
337,355
337,354
337,353
338,353
338,352
339,351
336,352
336,351
336,350
337,352
337,351
337,350
337,349
338,351
338,350
338,349
338,348
339,350
339,349
339,348
336,349
336,348
336,347
337,348
337,347
337,346
338,347
338,346
338,345
339,347
339,346
339,345
340,346
340,345
337,345
337,344
338,344
338,343
339,344
339,343
339,342
340,344
340,343
340,342
341,342
338,342
338,341
339,341
339,340
340,341
340,340
340,339
341,341
341,340
341,339
338,340
338,339
338,338
339,339
339,338
339,337
340,338
340,337
340,336
341,338
341,337
341,336
342,338
342,337
342,336
343,337
341,335
342,335
342,334
343,336
343,335
343,334
344,335
344,334
341,334
341,333
342,333
342,332
343,333
343,332
343,331
344,333
344,332
344,331
341,332
341,331
341,330
342,331
342,330
342,329
343,330
343,329
343,328
344,330
344,329
344,328
341,329
341,328
341,327
342,328
342,327
342,326
343,327
343,326
343,325
344,327
344,326
344,325
341,326
341,325
341,324
342,325
342,324
342,323
343,324
343,323
343,322
344,324
344,323
344,322
345,323
345,322
342,322
342,321
343,321
343,320
344,321
344,320
344,319
345,321
345,320
345,319
342,320
342,319
342,318
343,319
343,318
343,317
344,318
344,317
344,316
345,318
345,317
345,316
346,316
343,316
343,315
344,315
344,314
345,315
345,314
345,313
346,315
346,314
346,313
343,314
344,313
345,312
346,312
342,316
342,315
342,314
343,313
344,312
340,317
340,316
340,315
341,318
341,317
341,316
341,315
341,314
342,317
342,313
339,318
339,317
339,316
340,319
340,318
341,320
341,319
338,320
338,319
338,318
339,321
339,320
339,319
340,322
340,321
340,320
341,322
341,321
338,322
338,321
339,323
339,322
340,324
340,323
341,323
338,324
338,323
339,325
339,324
340,326
340,325
337,326
337,325
337,324
338,327
338,326
338,325
339,328
339,327
339,326
340,328
340,327
337,328
337,327
338,329
338,328
339,330
339,329
340,330
340,329
337,330
337,329
338,331
338,330
339,332
339,331
340,332
340,331
337,332
337,331
338,333
338,332
339,334
339,333
340,334
340,333
337,334
337,333
338,335
338,334
339,336
339,335
340,335
337,336
337,335
338,337
338,336
335,337
335,336
335,335
336,338
336,337
336,336
336,335
336,334
337,339
337,338
337,337
334,338
334,337
334,336
335,339
335,338
336,340
336,339
337,340
334,341
334,340
334,339
335,342
335,341
335,340
336,343
336,342
336,341
337,343
337,342
337,341
334,342
335,343
336,344
333,345
333,344
333,343
334,346
334,345
334,344
334,343
335,347
335,346
335,345
335,344
336,346
336,345
333,346
334,347
335,348
332,349
332,348
332,347
333,350
333,349
333,348
333,347
334,351
334,350
334,349
334,348
335,351
335,350
335,349
332,350
333,351
334,352
335,352
331,349
331,348
331,347
332,346
329,347
329,346
329,345
330,348
330,347
330,346
330,345
330,344
331,346
331,345
331,344
331,343
332,345
332,344
332,343
329,344
329,343
329,342
330,343
330,342
330,341
331,342
331,341
331,340
332,342
332,341
332,340
333,342
333,341
333,340
330,340
330,339
331,339
331,338
332,339
332,338
332,337
333,339
333,338
333,337
330,338
330,337
330,336
331,337
331,336
331,335
332,336
332,335
332,334
333,336
333,335
333,334
334,335
334,334
331,334
331,333
332,333
332,332
333,333
333,332
333,331
334,333
334,332
334,331
335,334
335,333
335,332
335,331
336,333
336,332
334,330
335,330
335,329
336,331
336,330
336,329
333,330
333,329
333,328
334,329
334,328
334,327
335,328
335,327
335,326
336,328
336,327
336,326
333,327
333,326
333,325
334,326
334,325
334,324
335,325
335,324
335,323
336,325
336,324
336,323
337,323
334,323
334,322
335,322
335,321
336,322
336,321
336,320
337,322
337,321
337,320
334,321
334,320
334,319
335,320
335,319
335,318
336,319
336,318
336,317
337,319
337,318
337,317
338,317
334,318
335,317
336,316
337,316
338,316
333,320
333,319
333,318
334,317
335,316
332,321
332,320
332,319
333,322
333,321
330,322
330,321
330,320
331,323
331,322
331,321
331,320
331,319
332,324
332,323
332,322
332,318
333,324
333,323
330,324
330,323
331,325
331,324
332,326
332,325
329,326
329,325
329,324
330,327
330,326
330,325
331,328
331,327
331,326
332,328
332,327
329,328
329,327
330,329
330,328
331,330
331,329
332,330
332,329
329,330
329,329
330,331
330,330
331,332
331,331
332,331
329,332
329,331
330,333
330,332
327,333
327,332
327,331
328,334
328,333
328,332
328,331
328,330
329,335
329,334
329,333
330,335
330,334
327,335
327,334
328,336
328,335
329,337
329,336
326,337
326,336
326,335
327,338
327,337
327,336
328,339
328,338
328,337
329,339
329,338
326,339
326,338
327,340
327,339
328,341
328,340
329,341
329,340
326,341
326,340
327,342
327,341
328,343
328,342
325,343
325,342
325,341
326,344
326,343
326,342
327,345
327,344
327,343
328,345
328,344
324,342
324,341
324,340
325,340
325,339
322,340
322,339
322,338
323,341
323,340
323,339
323,338
323,337
324,339
324,338
324,337
324,336
325,338
325,337
325,336
322,337
322,336
322,335
323,336
323,335
323,334
324,335
324,334
324,333
325,335
325,334
325,333
326,334
326,333
323,333
323,332
324,332
324,331
325,332
325,331
325,330
326,332
326,331
326,330
327,330
324,330
324,329
325,329
325,328
326,329
326,328
326,327
327,329
327,328
327,327
328,329
328,328
328,327
325,327
325,326
326,326
326,325
327,326
327,325
327,324
328,326
328,325
328,324
325,325
325,324
325,323
326,324
326,323
326,322
327,323
327,322
327,321
328,323
328,322
328,321
329,323
329,322
329,321
326,321
327,320
328,320
328,319
329,320
329,319
330,319
325,322
324,324
324,323
324,322
325,321
326,320
323,325
323,324
323,323
324,326
324,325
321,326
321,325
321,324
322,327
322,326
322,325
322,324
322,323
323,328
323,327
323,326
323,322
324,328
324,327
321,328
321,327
322,329
322,328
323,330
323,329
320,330
320,329
320,328
321,331
321,330
321,329
322,332
322,331
322,330
323,331
320,332
320,331
321,333
321,332
322,334
322,333
319,334
319,333
319,332
320,335
320,334
320,333
321,336
321,335
321,334
318,335
318,334
318,333
319,336
319,335
320,337
320,336
321,337
317,334
317,333
317,332
318,332
318,331
319,331
319,330
316,331
316,330
316,329
317,331
317,330
317,329
317,328
318,330
318,329
318,328
318,327
319,329
319,328
319,327
320,327
317,327
317,326
318,326
318,325
319,326
319,325
319,324
320,326
320,325
320,324
317,325
318,324
319,323
320,323
321,323
316,328
316,327
316,326
313,329
313,328
313,327
314,330
314,329
314,328
314,327
314,326
315,331
315,330
315,329
315,328
315,327
315,326
315,325
316,325
317,324
316,332
314,331
315,332
316,333
313,330
322,322
324,321
321,338
321,339
331,318
333,317
328,346
337,315
338,315
339,315
340,314
336,353
335,353
336,354
337,356
347,311
346,311
351,309
355,307
356,307
358,306
364,326
363,335
363,336
360,347
359,350
358,353
358,354
355,365
DIFFERENCE
407,355
407,354
407,353
408,356
408,355
408,354
408,353
408,352
409,357
409,356
409,355
409,354
409,353
409,352
409,351
410,357
410,356
410,355
410,353
410,352
410,351
411,357
411,356
411,355
411,354
411,353
411,352
411,351
412,356
412,355
412,354
412,353
412,352
413,355
413,354
413,353
412,351
412,350
413,356
413,352
413,351
413,350
414,356
414,355
414,354
414,353
414,352
414,351
414,350
415,355
415,354
415,353
415,352
415,351
416,354
416,353
416,352
413,349
414,349
414,348
415,350
415,349
415,348
416,351
416,350
416,349
416,348
417,353
417,352
417,351
417,350
417,349
418,352
418,351
418,350
413,348
413,347
414,347
414,346
415,347
415,346
415,345
416,347
416,346
416,345
417,348
417,347
417,346
417,345
418,349
418,348
418,347
418,346
419,349
419,348
419,347
413,346
413,345
413,344
414,345
414,344
414,343
415,344
415,343
415,342
416,344
416,343
416,342
417,344
417,343
417,342
418,345
418,344
418,343
419,346
419,345
419,344
413,343
413,342
413,341
414,342
414,341
414,340
415,341
415,340
415,339
416,341
416,340
416,339
417,341
417,340
417,339
418,342
418,341
418,340
419,343
419,342
419,341
413,340
413,339
414,339
414,338
415,338
415,337
416,338
416,337
417,338
417,337
418,339
418,338
419,340
419,339
410,341
410,340
410,339
411,342
411,341
411,340
411,339
411,338
412,343
412,342
412,341
412,340
412,339
412,338
412,337
413,338
413,337
414,337
409,340
409,339
409,338
410,338
410,337
411,337
411,336
412,336
413,336
406,340
406,339
406,338
407,341
407,340
407,339
407,338
407,337
408,342
408,341
408,340
408,339
408,338
408,337
408,336
409,342
409,341
409,337
409,336
410,342
410,336
407,343
407,342
408,344
408,343
409,345
409,344
409,343
410,345
410,344
410,343
411,345
411,344
411,343
412,344
410,346
411,347
411,346
412,347
412,346
412,345
409,346
410,347
411,348
412,348
409,349
409,348
409,347
410,350
410,349
410,348
411,350
411,349
412,349
409,350
406,351
406,350
406,349
407,352
407,351
407,350
407,349
407,348
408,351
408,350
408,349
408,348
408,347
405,348
405,347
405,346
406,348
406,347
406,346
406,345
407,347
407,346
407,345
407,344
408,346
408,345
405,345
405,344
406,344
406,343
403,344
403,343
403,342
404,345
404,344
404,343
404,342
404,341
405,343
405,342
405,341
405,340
406,342
406,341
403,341
403,340
404,340
404,339
405,339
405,338
402,340
402,339
402,338
403,339
403,338
403,337
404,338
404,337
404,336
405,337
405,336
406,337
406,336
401,340
401,339
401,338
402,341
402,337
403,336
399,342
399,341
399,340
400,343
400,342
400,341
400,340
400,339
401,344
401,343
401,342
401,341
402,344
402,343
402,342
399,343
400,344
401,345
402,345
403,345
400,346
400,345
401,347
401,346
402,348
402,347
402,346
403,348
403,347
403,346
404,348
404,347
404,346
403,349
404,349
405,349
402,350
402,349
403,351
403,350
404,352
404,351
404,350
405,352
405,351
405,350
406,352
403,353
403,352
404,354
404,353
405,355
405,354
405,353
406,355
406,354
406,353
403,354
404,355
405,356
406,356
407,356
402,354
402,353
402,352
403,355
404,356
399,353
399,352
399,351
400,354
400,353
400,352
400,351
400,350
401,355
401,354
401,353
401,352
401,351
401,350
401,349
402,355
402,351
399,350
400,349
401,348
398,349
398,348
398,347
399,349
399,348
399,347
399,346
400,348
400,347
398,350
398,351
398,352
398,353
399,354
400,355
398,354
399,355
400,356
401,356
402,356
403,356
399,345
398,346
398,345
399,344
398,344
398,342
398,341
398,340
399,339
400,338
398,343
407,336
419,350
419,351
417,354
418,353
419,352
416,355
415,356
412,357
413,357
DIFFERENCE
193,222
193,221
193,220
194,223
194,222
194,221
194,220
194,219
195,224
195,223
195,222
195,221
195,220
195,219
195,218
196,224
196,223
196,222
196,220
196,219
196,218
197,224
197,223
197,222
197,221
197,220
197,219
197,218
198,223
198,222
198,221
198,220
198,219
199,222
199,221
199,220
193,219
193,218
193,217
194,218
194,217
194,216
195,217
195,216
195,215
196,217
196,216
196,215
197,217
197,216
197,215
198,218
198,217
198,216
199,219
199,218
199,217
193,216
193,215
193,214
194,215
194,214
194,213
195,214
195,213
195,212
196,214
196,213
196,212
197,214
197,213
197,212
198,215
198,214
198,213
199,216
199,215
199,214
193,213
194,212
195,211
196,211
197,211
198,212
199,213
192,212
192,211
192,210
193,212
193,211
193,210
193,209
194,211
194,210
194,209
194,208
195,210
195,209
195,208
196,210
196,209
196,208
197,210
197,209
198,211
198,210
192,209
192,208
192,207
193,208
193,207
193,206
194,207
194,206
194,205
195,207
195,206
195,205
196,207
196,206
196,205
197,208
197,207
197,206
198,209
198,208
198,207
192,206
193,205
194,204
195,204
196,204
197,205
198,206
191,205
191,204
191,203
192,205
192,204
192,203
192,202
193,204
193,203
193,202
193,201
194,203
194,202
194,201
195,203
195,202
195,201
196,203
196,202
197,204
197,203
191,202
191,201
191,200
192,201
192,200
192,199
193,200
193,199
193,198
194,200
194,199
194,198
195,200
195,199
195,198
196,201
196,200
196,199
197,202
197,201
197,200
191,199
192,198
193,197
194,197
195,197
196,198
197,199
190,198
190,197
190,196
191,198
191,197
191,196
191,195
192,197
192,196
192,195
192,194
193,196
193,195
193,194
194,196
194,195
194,194
195,196
195,195
196,197
196,196
188,199
188,198
188,197
189,200
189,199
189,198
189,197
189,196
190,201
190,200
190,199
190,195
187,200
187,199
187,198
188,201
188,200
189,202
189,201
190,202
187,203
187,202
187,201
188,204
188,203
188,202
189,205
189,204
189,203
190,205
190,204
190,203
187,204
188,205
189,206
190,206
191,206
188,207
188,206
189,208
189,207
190,209
190,208
190,207
191,209
191,208
191,207
188,208
189,209
190,210
191,210
188,211
188,210
188,209
189,212
189,211
189,210
190,213
190,212
190,211
191,213
191,212
191,211
192,213
189,214
189,213
190,215
190,214
191,216
191,215
191,214
192,216
192,215
192,214
189,215
190,216
191,217
192,217
189,218
189,217
189,216
190,219
190,218
190,217
191,220
191,219
191,218
192,220
192,219
192,218
189,219
190,220
191,221
192,221
189,220
190,221
191,222
192,222
188,219
188,218
188,217
185,218
185,217
185,216
186,219
186,218
186,217
186,216
186,215
187,220
187,219
187,218
187,217
187,216
187,215
187,214
188,220
188,216
188,215
188,214
185,215
185,214
185,213
186,214
186,213
186,212
187,213
187,212
187,211
188,213
188,212
185,212
185,211
186,211
186,210
187,210
187,209
184,210
184,209
184,208
185,210
185,209
185,208
185,207
186,209
186,208
186,207
186,206
187,208
187,207
187,206
184,207
184,206
184,205
185,206
185,205
185,204
186,205
186,204
186,203
187,205
184,204
185,203
186,202
183,203
183,202
183,201
184,203
184,202
184,201
184,200
185,202
185,201
185,200
185,199
186,201
186,200
186,199
181,204
181,203
181,202
182,205
182,204
182,203
182,202
182,201
183,206
183,205
183,204
183,200
180,205
180,204
180,203
181,206
181,205
182,207
182,206
183,207
180,208
180,207
180,206
181,209
181,208
181,207
182,210
182,209
182,208
183,210
183,209
183,208
180,209
181,210
182,211
183,211
184,211
181,212
181,211
182,213
182,212
183,214
183,213
183,212
184,214
184,213
184,212
181,213
182,214
183,215
184,215
181,216
181,215
181,214
182,217
182,216
182,215
183,218
183,217
183,216
184,218
184,217
184,216
181,217
182,218
183,219
184,219
185,219
179,216
179,215
179,214
180,217
180,216
180,215
180,214
180,213
181,218
177,214
177,213
177,212
178,215
178,214
178,213
178,212
178,211
179,213
179,212
179,211
179,210
180,212
180,211
180,210
177,211
177,210
177,209
178,210
178,209
178,208
179,209
179,208
179,207
176,208
176,207
176,206
177,208
177,207
177,206
177,205
178,207
178,206
178,205
178,204
179,206
179,205
179,204
176,209
173,210
173,209
173,208
174,211
174,210
174,209
174,208
174,207
175,212
175,211
175,210
175,209
175,208
175,207
175,206
176,212
176,211
176,210
173,211
174,212
175,213
176,213
173,212
174,213
175,214
176,214
173,213
174,214
175,215
176,215
177,215
172,211
172,210
172,209
172,212
172,213
173,214
174,215
171,212
171,211
171,210
178,216
177,216
176,216
179,217
178,217
179,203
186,220
185,220
189,221
190,222
188,221
186,198
193,223
192,223
DIFFERENCE
419,170
419,169
419,168
420,171
420,170
420,169
420,168
420,167
421,172
421,171
421,170
421,169
421,168
421,167
421,166
422,172
422,171
422,170
422,168
422,167
422,166
423,172
423,171
423,170
423,169
423,168
423,167
423,166
424,171
424,170
424,169
424,168
424,167
425,170
425,169
425,168
424,166
424,165
425,171
425,167
425,166
425,165
426,171
426,170
426,169
426,168
426,167
426,166
426,165
427,170
427,169
427,168
427,167
427,166
428,169
428,168
428,167
425,164
426,164
426,163
427,165
427,164
427,163
428,166
428,165
428,164
428,163
429,168
429,167
429,166
429,165
429,164
430,167
430,166
430,165
427,162
428,162
428,161
429,163
429,162
429,161
430,164
430,163
430,162
430,161
431,166
431,165
431,164
431,163
431,162
432,165
432,164
432,163
431,161
431,160
432,166
432,162
432,161
432,160
433,166
433,165
433,164
433,163
433,162
433,161
433,160
434,165
434,164
434,163
434,162
434,161
435,164
435,163
435,162
432,159
433,159
433,158
434,160
434,159
434,158
435,161
435,160
435,159
435,158
436,163
436,162
436,161
436,160
436,159
437,162
437,161
437,160
434,157
435,157
435,156
436,158
436,157
436,156
437,159
437,158
437,157
437,156
438,161
438,160
438,159
438,158
438,157
439,160
439,159
439,158
434,156
434,155
435,155
435,154
436,155
436,154
436,153
437,155
437,154
437,153
438,156
438,155
438,154
438,153
439,157
439,156
439,155
439,154
440,157
440,156
440,155
435,153
435,152
436,152
436,151
437,152
437,151
437,150
438,152
438,151
438,150
439,153
439,152
439,151
439,150
440,154
440,153
440,152
440,151
441,154
441,153
441,152
440,150
441,155
441,151
442,154
442,153
442,152
432,154
432,153
432,152
433,155
433,154
433,153
433,152
433,151
434,154
434,153
434,152
434,151
434,150
435,151
435,150
436,150
431,151
431,150
431,149
432,151
432,150
432,149
432,148
433,150
433,149
433,148
433,147
434,149
434,148
434,147
435,149
435,148
435,147
436,149
436,148
437,149
432,147
432,146
433,146
433,145
434,146
434,145
434,144
435,146
435,145
435,144
436,147
436,146
436,145
436,144
437,148
437,147
437,146
437,145
438,148
438,147
438,146
437,144
437,143
438,149
438,145
438,144
438,143
439,149
439,148
439,147
439,146
439,145
439,144
439,143
440,148
440,147
440,146
440,145
440,144
441,147
441,146
441,145
438,142
439,142
439,141
440,143
440,142
440,141
441,144
441,143
441,142
441,141
442,146
442,145
442,144
442,143
442,142
443,145
443,144
443,143
438,141
438,140
439,140
439,139
440,140
440,139
440,138
441,140
441,139
441,138
442,141
442,140
442,139
442,138
443,142
443,141
443,140
443,139
444,142
444,141
444,140
438,139
438,138
438,137
439,138
439,137
439,136
440,137
440,136
440,135
441,137
441,136
441,135
442,137
442,136
442,135
443,138
443,137
443,136
444,139
444,138
444,137
437,137
437,136
437,135
438,136
438,135
438,134
439,135
439,134
439,133
440,134
440,133
441,134
441,133
442,134
443,135
435,136
435,135
435,134
436,137
436,136
436,135
436,134
436,133
437,138
437,134
437,133
437,132
438,133
438,132
439,132
434,135
434,134
434,133
435,133
435,132
436,132
436,131
437,131
438,131
432,134
432,133
432,132
433,135
433,134
433,133
433,132
433,131
434,136
434,132
434,131
434,130
435,131
435,130
436,130
431,137
431,136
431,135
432,138
432,137
432,136
432,135
433,139
433,138
433,137
433,136
434,139
434,138
434,137
435,139
435,138
435,137
436,138
434,140
435,141
435,140
436,141
436,140
436,139
437,141
437,140
437,139
436,142
437,142
434,143
434,142
434,141
435,143
435,142
436,143
433,144
433,143
433,142
430,143
430,142
430,141
431,144
431,143
431,142
431,141
431,140
432,145
432,144
432,143
432,142
432,141
432,140
432,139
433,141
433,140
430,140
430,139
431,139
431,138
428,139
428,138
428,137
429,140
429,139
429,138
429,137
429,136
430,138
430,137
430,136
430,135
427,136
427,135
427,134
428,136
428,135
428,134
428,133
429,135
429,134
429,133
429,132
430,134
430,133
430,132
431,134
431,133
431,132
428,132
428,131
429,131
429,130
430,131
430,130
430,129
431,131
431,130
431,129
432,131
432,130
432,129
433,130
428,130
429,129
430,128
431,128
432,128
433,129
425,131
425,130
425,129
426,132
426,131
426,130
426,129
426,128
427,133
427,132
427,131
427,130
427,129
427,128
427,127
428,129
428,128
428,127
429,128
429,127
424,130
424,129
424,128
425,128
425,127
426,127
426,126
427,126
428,126
422,129
422,128
422,127
423,130
423,129
423,128
423,127
423,126
424,131
424,127
424,126
424,125
425,126
425,125
426,125
421,128
421,127
421,126
422,126
422,125
423,125
423,124
424,124
425,124
418,128
418,127
418,126
419,129
419,128
419,127
419,126
419,125
420,130
420,129
420,128
420,127
420,126
420,125
420,124
421,130
421,129
421,125
421,124
422,130
422,124
419,131
419,130
420,132
420,131
421,133
421,132
421,131
422,133
422,132
422,131
423,133
423,132
423,131
424,132
422,134
423,135
423,134
424,135
424,134
424,133
425,135
425,134
425,133
425,132
426,134
426,133
425,136
426,136
426,135
423,136
424,137
424,136
425,138
425,137
426,138
426,137
427,138
427,137
424,138
425,139
426,140
426,139
427,140
427,139
428,140
425,141
425,140
426,142
426,141
427,143
427,142
427,141
428,143
428,142
428,141
429,143
429,142
429,141
428,144
429,144
430,144
427,145
427,144
428,146
428,145
429,147
429,146
429,145
430,147
430,146
430,145
431,147
431,146
431,145
430,148
431,148
428,149
428,148
428,147
429,150
429,149
429,148
430,151
430,150
430,149
427,150
427,149
427,148
428,151
428,150
429,152
429,151
430,152
431,152
428,153
428,152
429,154
429,153
430,155
430,154
430,153
431,155
431,154
431,153
432,155
429,156
429,155
430,157
430,156
431,158
431,157
431,156
432,158
432,157
432,156
433,157
433,156
430,158
431,159
428,160
428,159
428,158
429,160
429,159
429,158
429,157
430,160
430,159
427,160
427,159
427,158
428,157
425,158
425,157
425,156
426,159
426,158
426,157
426,156
426,155
427,157
427,156
427,155
427,154
428,156
428,155
428,154
425,155
425,154
425,153
426,154
426,153
426,152
427,153
427,152
427,151
424,152
424,151
424,150
425,152
425,151
425,150
425,149
426,151
426,150
426,149
426,148
423,149
423,148
423,147
424,149
424,148
424,147
424,146
425,148
425,147
425,146
425,145
426,147
426,146
426,145
427,147
427,146
424,145
425,144
426,144
426,143
423,144
423,143
423,142
424,144
424,143
424,142
424,141
425,143
425,142
422,143
422,142
422,141
423,141
423,140
424,140
424,139
421,140
421,139
421,138
422,140
422,139
422,138
422,137
423,139
423,138
423,137
420,138
420,137
420,136
421,137
421,136
421,135
422,136
422,135
419,136
419,135
419,134
420,135
420,134
420,133
421,134
418,135
418,134
418,133
419,133
419,132
416,133
416,132
416,131
417,134
417,133
417,132
417,131
417,130
418,132
418,131
418,130
418,129
415,130
415,129
415,128
416,130
416,129
416,128
416,127
417,129
417,128
417,127
417,126
414,129
414,128
414,127
415,127
415,126
416,126
416,125
417,125
418,125
414,130
415,131
412,132
412,131
412,130
413,133
413,132
413,131
413,130
413,129
414,134
414,133
414,132
414,131
415,134
415,133
415,132
416,134
413,135
413,134
414,136
414,135
415,137
415,136
415,135
416,137
416,136
416,135
417,137
417,136
417,135
418,136
416,138
417,139
417,138
418,139
418,138
418,137
419,139
419,138
419,137
418,140
419,140
420,140
420,139
417,140
418,141
419,142
419,141
420,142
420,141
421,142
421,141
418,142
419,143
420,144
420,143
421,144
421,143
422,144
419,145
419,144
420,146
420,145
421,147
421,146
421,145
422,147
422,146
422,145
423,146
423,145
422,148
419,149
419,148
419,147
420,150
420,149
420,148
420,147
421,151
421,150
421,149
421,148
422,151
422,150
422,149
423,151
423,150
420,151
421,152
422,153
422,152
423,153
423,152
424,153
421,154
421,153
422,155
422,154
423,156
423,155
423,154
424,156
424,155
424,154
421,155
422,156
423,157
424,157
421,158
421,157
421,156
422,159
422,158
422,157
423,160
423,159
423,158
424,160
424,159
424,158
425,160
425,159
422,160
423,161
424,162
424,161
425,162
425,161
426,162
426,161
426,160
427,161
425,163
422,164
422,163
422,162
423,165
423,164
423,163
423,162
424,164
424,163
421,164
421,163
421,162
422,165
422,161
419,162
419,161
419,160
420,163
420,162
420,161
420,160
420,159
421,161
421,160
421,159
418,160
418,159
418,158
419,159
419,158
419,157
420,158
420,157
420,156
417,157
417,156
417,155
418,157
418,156
418,155
418,154
419,156
419,155
419,154
419,153
420,155
420,154
420,153
417,154
417,153
417,152
418,153
418,152
418,151
419,152
419,151
419,150
420,152
417,151
418,150
415,151
415,150
415,149
416,152
416,151
416,150
416,149
416,148
417,150
417,149
417,148
417,147
418,149
418,148
418,147
415,148
415,147
415,146
416,147
416,146
416,145
417,146
417,145
417,144
418,146
418,145
418,144
419,146
418,143
415,144
415,143
415,142
416,144
416,143
416,142
416,141
417,143
417,142
417,141
414,142
414,141
414,140
415,141
415,140
415,139
416,140
416,139
413,140
413,139
413,138
414,139
414,138
414,137
415,138
412,139
412,138
412,137
413,137
413,136
410,137
410,136
410,135
411,138
411,137
411,136
411,135
411,134
412,136
412,135
412,134
412,133
409,134
409,133
409,132
410,134
410,133
410,132
410,131
411,133
411,132
411,131
411,130
408,133
408,132
408,131
409,131
409,130
410,130
410,129
411,129
412,129
408,134
409,135
406,136
406,135
406,134
407,137
407,136
407,135
407,134
407,133
408,138
408,137
408,136
408,135
409,138
409,137
409,136
410,138
407,139
407,138
408,140
408,139
409,141
409,140
409,139
410,141
410,140
410,139
411,141
411,140
411,139
412,140
410,142
411,143
411,142
412,143
412,142
412,141
413,143
413,142
413,141
412,144
413,144
414,144
414,143
411,144
412,145
413,146
413,145
414,146
414,145
415,145
412,146
413,147
414,148
414,147
411,148
411,147
411,146
412,149
412,148
412,147
413,150
413,149
413,148
414,150
414,149
411,150
411,149
412,151
412,150
413,152
413,151
414,152
414,151
415,152
412,153
412,152
413,154
413,153
414,155
414,154
414,153
415,155
415,154
415,153
416,155
416,154
416,153
415,156
416,156
413,157
413,156
413,155
414,158
414,157
414,156
415,159
415,158
415,157
416,159
416,158
416,157
417,159
417,158
414,159
415,160
416,161
416,160
417,161
417,160
418,161
415,162
415,161
416,163
416,162
417,164
417,163
417,162
418,164
418,163
418,162
419,164
419,163
416,164
417,165
418,166
418,165
419,166
419,165
420,166
420,165
420,164
421,165
419,167
416,168
416,167
416,166
417,169
417,168
417,167
417,166
418,170
418,169
418,168
418,167
415,168
415,167
415,166
416,169
416,165
417,170
413,166
413,165
413,164
414,167
414,166
414,165
414,164
414,163
415,165
415,164
415,163
412,164
412,163
412,162
413,163
413,162
413,161
414,162
414,161
414,160
411,161
411,160
411,159
412,161
412,160
412,159
412,158
413,160
413,159
413,158
410,159
410,158
410,157
411,158
411,157
411,156
412,157
412,156
412,155
409,156
409,155
409,154
410,156
410,155
410,154
410,153
411,155
411,154
411,153
411,152
412,154
409,153
410,152
411,151
408,152
408,151
408,150
409,152
409,151
409,150
409,149
410,151
410,150
410,149
410,148
407,149
407,148
407,147
408,149
408,148
408,147
408,146
409,148
409,147
409,146
409,145
410,147
410,146
410,145
411,145
408,145
408,144
409,144
409,143
410,144
410,143
407,144
407,143
407,142
408,143
408,142
408,141
409,142
406,143
406,142
406,141
407,141
407,140
404,141
404,140
404,139
405,142
405,141
405,140
405,139
405,138
406,140
406,139
406,138
406,137
403,140
403,139
403,138
404,138
404,137
405,137
405,136
403,141
404,142
405,143
402,144
402,143
402,142
403,145
403,144
403,143
403,142
404,146
404,145
404,144
404,143
405,146
405,145
405,144
406,146
406,145
406,144
407,145
405,147
406,148
406,147
407,146
404,147
405,148
406,149
403,150
403,149
403,148
404,151
404,150
404,149
404,148
405,152
405,151
405,150
405,149
406,152
406,151
406,150
407,152
407,151
407,150
406,153
407,153
408,153
405,154
405,153
406,155
406,154
407,156
407,155
407,154
408,156
408,155
408,154
405,155
406,156
407,157
408,157
409,157
406,158
406,157
407,159
407,158
408,160
408,159
408,158
409,160
409,159
409,158
410,160
407,161
407,160
408,162
408,161
409,163
409,162
409,161
410,163
410,162
410,161
411,163
411,162
408,163
409,164
410,165
410,164
411,165
411,164
412,165
408,164
409,165
410,166
411,166
412,166
407,162
407,163
406,162
406,161
406,160
403,161
403,160
403,159
404,162
404,161
404,160
404,159
404,158
405,163
405,162
405,161
405,160
405,159
405,158
405,157
406,163
406,159
403,158
404,157
405,156
402,157
402,156
402,155
403,157
403,156
403,155
403,154
404,156
404,155
404,154
404,153
401,154
401,153
401,152
402,154
402,153
402,152
402,151
403,153
403,152
403,151
404,152
401,151
402,150
400,152
400,151
400,150
401,150
401,149
402,149
402,148
400,153
400,154
401,155
401,156
401,157
402,158
400,155
400,156
400,157
401,158
402,159
400,158
401,159
402,160
401,160
402,161
403,162
407,164
408,165
403,147
400,148
400,147
400,146
401,148
401,147
401,146
401,145
402,147
402,146
402,145
403,146
400,149
401,144
401,143
401,142
402,141
402,140
413,167
414,168
412,167
415,169
405,135
404,136
407,132
413,128
411,128
412,128
412,127
413,127
414,126
415,125
419,124
418,124
417,124
430,127
434,129
444,143
444,144
442,147
443,146
444,145
441,156
440,158
431,167
432,167
430,168
429,169
428,170
427,171
419,171
DIFFERENCE
196,137
196,136
196,135
197,138
197,137
197,136
197,135
197,134
198,139
198,138
198,137
198,136
198,135
198,134
198,133
199,139
199,138
199,137
199,135
199,134
199,133
200,139
200,138
200,137
200,136
200,135
200,134
200,133
201,138
201,137
201,136
201,135
201,134
202,137
202,136
202,135
201,133
201,132
202,138
202,134
202,133
202,132
203,138
203,137
203,136
203,135
203,134
203,133
203,132
204,137
204,136
204,135
204,134
204,133
205,136
205,135
205,134
204,132
204,131
205,137
205,133
205,132
205,131
206,137
206,136
206,135
206,134
206,133
206,132
206,131
207,136
207,135
207,134
207,133
207,132
208,135
208,134
208,133
207,131
207,130
208,136
208,132
208,131
208,130
209,136
209,135
209,134
209,133
209,132
209,131
209,130
210,135
210,134
210,133
210,132
210,131
211,134
211,133
211,132
210,130
210,129
211,135
211,131
211,130
211,129
212,135
212,134
212,133
212,132
212,131
212,130
212,129
213,134
213,133
213,132
213,131
213,130
214,133
214,132
214,131
213,129
213,128
214,134
214,130
214,129
214,128
215,134
215,133
215,132
215,131
215,130
215,129
215,128
216,133
216,132
216,131
216,130
216,129
217,132
217,131
217,130
214,127
215,127
215,126
216,128
216,127
216,126
217,129
217,128
217,127
217,126
218,131
218,130
218,129
218,128
218,127
219,130
219,129
219,128
218,126
218,125
219,131
219,127
219,126
219,125
220,131
220,130
220,129
220,128
220,127
220,126
220,125
221,130
221,129
221,128
221,127
221,126
222,129
222,128
222,127
219,124
220,124
220,123
221,125
221,124
221,123
222,126
222,125
222,124
222,123
223,128
223,127
223,126
223,125
223,124
224,127
224,126
224,125
223,123
223,122
224,128
224,124
224,123
224,122
225,128
225,127
225,126
225,125
225,124
225,123
225,122
226,127
226,126
226,125
226,124
226,123
227,126
227,125
227,124
224,121
225,121
225,120
226,122
226,121
226,120
227,123
227,122
227,121
227,120
228,125
228,124
228,123
228,122
228,121
229,124
229,123
229,122
228,120
228,119
229,125
229,121
229,120
229,119
230,125
230,124
230,123
230,122
230,121
230,120
230,119
231,124
231,123
231,122
231,121
231,120
232,123
232,122
232,121
229,118
230,118
230,117
231,119
231,118
231,117
232,120
232,119
232,118
232,117
233,122
233,121
233,120
233,119
233,118
234,121
234,120
234,119
231,116
232,116
232,115
233,117
233,116
233,115
234,118
234,117
234,116
234,115
235,120
235,119
235,118
235,117
235,116
236,119
236,118
236,117
235,115
235,114
236,120
236,116
236,115
236,114
237,120
237,119
237,118
237,117
237,116
237,115
237,114
238,119
238,118
238,117
238,116
238,115
239,118
239,117
239,116
236,113
237,113
237,112
238,114
238,113
238,112
239,115
239,114
239,113
239,112
240,117
240,116
240,115
240,114
240,113
241,116
241,115
241,114
238,111
239,111
239,110
240,112
240,111
240,110
241,113
241,112
241,111
241,110
242,115
242,114
242,113
242,112
242,111
243,114
243,113
243,112
242,110
242,109
243,115
243,111
243,110
243,109
244,115
244,114
244,113
244,112
244,111
244,110
244,109
245,114
245,113
245,112
245,111
245,110
246,113
246,112
246,111
243,108
244,108
244,107
245,109
245,108
245,107
246,110
246,109
246,108
246,107
247,112
247,111
247,110
247,109
247,108
248,111
248,110
248,109
245,106
246,106
246,105
247,107
247,106
247,105
248,108
248,107
248,106
248,105
249,110
249,109
249,108
249,107
249,106
250,109
250,108
250,107
247,104
248,104
248,103
249,105
249,104
249,103
250,106
250,105
250,104
250,103
251,108
251,107
251,106
251,105
251,104
252,107
252,106
252,105
247,103
247,102
248,102
248,101
249,102
249,101
249,100
250,102
250,101
250,100
251,103
251,102
251,101
251,100
252,104
252,103
252,102
252,101
253,104
253,103
253,102
248,100
249,99
250,99
250,98
251,99
251,98
252,100
252,99
252,98
253,101
253,100
253,99
254,102
254,101
254,100
254,103
253,105
254,104
247,101
247,100
248,99
249,98
244,102
244,101
244,100
245,103
245,102
245,101
245,100
245,99
246,104
246,103
246,102
246,101
246,100
246,99
246,98
247,99
247,98
248,98
243,102
243,101
243,100
244,103
244,99
245,104
245,98
242,105
242,104
242,103
243,106
243,105
243,104
243,103
244,106
244,105
244,104
245,105
242,106
243,107
240,108
240,107
240,106
241,109
241,108
241,107
241,106
241,105
242,108
242,107
239,108
239,107
239,106
240,109
240,105
241,104
238,105
238,104
238,103
239,105
239,104
239,103
239,102
240,104
240,103
240,102
240,101
241,103
241,102
241,101
242,102
242,101
238,102
239,101
240,100
241,100
242,100
237,104
237,103
237,102
238,101
239,100
234,105
234,104
234,103
235,106
235,105
235,104
235,103
235,102
236,107
236,106
236,105
236,104
236,103
236,102
236,101
237,107
237,106
237,105
237,101
238,107
238,106
235,107
236,108
237,109
237,108
238,109
238,108
239,109
236,110
236,109
237,111
237,110
238,110
235,111
235,110
235,109
236,112
236,111
233,112
233,111
233,110
234,113
234,112
234,111
234,110
234,109
235,113
235,112
235,108
232,109
232,108
232,107
233,109
233,108
233,107
233,106
234,108
234,107
234,106
231,107
231,106
231,105
232,106
232,105
232,104
233,105
233,104
233,103
230,106
230,105
230,104
231,104
231,103
232,103
232,102
233,102
234,102
227,107
227,106
227,105
228,108
228,107
228,106
228,105
228,104
229,109
229,108
229,107
229,106
229,105
229,104
229,103
230,109
230,108
230,107
230,103
231,109
231,108
228,109
229,110
230,111
230,110
231,111
231,110
232,111
232,110
229,111
230,112
231,113
231,112
232,113
232,112
233,113
230,114
230,113
231,115
231,114
232,114
233,114
234,114
230,115
227,116
227,115
227,114
228,117
228,116
228,115
228,114
228,113
229,117
229,116
229,115
229,114
229,113
229,112
230,116
227,117
228,118
225,119
225,118
225,117
226,119
226,118
226,117
226,116
227,119
227,118
224,119
224,118
224,117
225,116
226,115
223,116
223,115
223,114
224,116
224,115
224,114
224,113
225,115
225,114
225,113
225,112
226,114
226,113
226,112
227,113
227,112
224,112
224,111
225,111
225,110
226,111
226,110
226,109
227,111
227,110
227,109
228,112
228,111
228,110
225,109
226,108
227,108
224,109
224,108
224,107
225,108
225,107
225,106
226,107
226,106
226,105
223,108
223,107
223,106
224,106
224,105
225,105
225,104
226,104
227,104
220,109
220,108
220,107
221,110
221,109
221,108
221,107
221,106
222,111
222,110
222,109
222,108
222,107
222,106
222,105
223,111
223,110
223,109
223,105
224,110
221,111
222,112
223,113
223,112
220,113
220,112
220,111
221,114
221,113
221,112
222,115
222,114
222,113
219,114
219,113
219,112
220,115
220,114
221,116
221,115
222,116
219,117
219,116
219,115
220,118
220,117
220,116
221,119
221,118
221,117
222,119
222,118
222,117
223,119
223,118
223,117
222,120
223,120
224,120
221,121
221,120
222,122
222,121
223,121
220,122
220,121
220,120
221,122
218,123
218,122
218,121
219,123
219,122
219,121
219,120
220,119
217,120
217,119
217,118
218,120
218,119
218,118
218,117
219,119
219,118
216,119
216,118
216,117
217,117
217,116
218,116
218,115
215,116
215,115
215,114
216,116
216,115
216,114
216,113
217,115
217,114
217,113
217,112
218,114
218,113
218,112
215,113
215,112
215,111
216,112
216,111
216,110
217,111
217,110
217,109
218,111
218,110
218,109
219,111
219,110
219,109
220,110
218,108
219,108
219,107
216,109
217,108
218,107
215,110
214,113
214,112
214,111
214,114
214,115
211,116
211,115
211,114
212,117
212,116
212,115
212,114
212,113
213,118
213,117
213,116
213,115
213,114
213,113
213,112
214,118
214,117
214,116
215,118
215,117
212,118
213,119
214,120
214,119
215,120
215,119
216,120
213,121
213,120
214,122
214,121
215,123
215,122
215,121
216,123
216,122
216,121
217,123
217,122
217,121
216,124
217,124
218,124
215,125
215,124
216,125
217,125
214,126
214,125
214,124
211,125
211,124
211,123
212,126
212,125
212,124
212,123
212,122
213,127
213,126
213,125
213,124
213,123
213,122
214,123
211,122
212,121
209,122
209,121
209,120
210,123
210,122
210,121
210,120
210,119
211,121
211,120
211,119
211,118
212,120
212,119
209,119
209,118
210,118
210,117
211,117
208,120
208,119
208,118
209,117
210,116
208,121
208,122
209,123
210,124
207,125
207,124
207,123
208,126
208,125
208,124
208,123
209,127
209,126
209,125
209,124
210,127
210,126
210,125
211,127
211,126
208,127
209,128
210,128
211,128
212,128
212,127
209,129
206,130
206,129
206,128
207,129
207,128
207,127
208,129
208,128
205,129
205,128
205,127
206,127
206,126
207,126
204,127
204,126
204,125
205,126
205,125
205,124
206,125
206,124
206,123
203,126
203,125
203,124
204,124
204,123
205,123
205,122
206,122
207,122
202,127
202,126
202,125
203,128
203,127
204,129
204,128
201,129
201,128
201,127
202,130
202,129
202,128
203,131
203,130
203,129
204,130
205,130
202,131
199,132
199,131
199,130
200,132
200,131
200,130
200,129
201,131
201,130
198,131
198,130
198,129
199,129
199,128
200,128
200,127
198,132
197,132
197,131
197,130
197,133
201,126
206,121
207,121
207,120
204,122
205,121
206,120
207,119
210,115
220,106
219,106
235,101
242,99
243,99
253,106
242,116
241,117
240,118
239,119
235,121
236,121
234,122
233,123
232,124
228,126
229,126
227,127
226,128
223,129
224,129
222,130
218,132
219,132
217,133
213,135
210,136
211,136
207,137
208,137
209,137
204,138
205,138
206,138
201,139
202,139
203,139
196,134
196,133
196,132
195,136
195,135
195,134
END
